0       0.551     -0.803
0       0.683      0.331
1       1.171      1.069
0       0.476      0.271
0       1.412     -0.770
1       0.023     -0.102
1      -0.048     -0.250
0       1.701      0.192
1      -0.510      0.206
1      -0.003      0.203
0       0.920     -0.182
1       0.150     -0.300
0       1.405     -0.295
1       1.034      0.427
0       0.292     -0.927
1      -0.778     -0.104
0       0.567      0.135
0      -1.383     -0.326
0       0.244      0.239
0       0.808     -0.036
0       0.213     -0.469
0       0.880      0.081
0       2.039     -0.134
0       0.924     -0.205
1       0.267     -0.356
1       0.642      0.031
0       0.425     -0.923
1      -1.315     -0.199
0      -0.416     -0.272
0       1.225     -0.456
1      -0.044      0.326
0       0.582     -0.367
1      -1.007      0.270
1       0.065      0.488
0       0.600     -0.078
1      -1.362      0.139
0       0.348      0.320
1      -0.182     -0.040
1      -0.940      0.270
0      -0.038     -0.631
1      -1.896      0.555
0      -2.128     -0.495
0      -1.177     -0.914
1      -0.991      0.692
1      -1.173     -0.031
1      -1.725      0.224
1       0.288     -0.182
1      -1.594     -0.510
0       0.110     -1.536
1       0.787      0.313
0      -0.002     -0.143
1       0.093     -0.099
1      -0.378      0.203
0      -1.483     -0.710
0      -0.044     -0.365
1       0.961      0.574
0       1.738      0.299
0      -0.430     -0.641
0      -1.627     -1.102
0       0.166     -0.286
1       0.376      0.107
1      -0.227      0.471
1      -1.149      0.047
0       2.024     -0.561
1      -2.360      0.153
0      -0.510     -0.586
0      -1.322     -0.480
0      -0.636     -0.327
0       0.318     -0.615
0       0.138     -0.135
0      -0.711     -0.450
1       0.777     -0.143
0       0.622     -0.231
0       0.647     -0.205
1      -0.426     -0.252
0       1.049      0.617
1       0.661      0.305
0       2.509      0.030
0       1.063     -0.733
0       1.157     -0.813
0       0.053     -0.982
1      -1.288      1.303
1      -0.371      0.486
1      -0.758      0.128
0      -0.564     -0.487
0       0.555     -0.573
1      -0.557      0.274
1      -0.895      0.783
0      -0.409     -0.847
0      -0.161     -0.225
1       0.409     -0.042
0      -0.953     -0.996
1       0.317      0.421
0       0.078     -0.207
1       1.324      0.956
1      -0.213     -0.195
1      -0.134      0.205
1      -1.171     -0.571
1      -1.385     -0.312
0       0.311     -0.584
1      -0.249      0.196
1       0.504      0.651
0      -0.893     -0.297
0       1.909      0.218
1       0.122     -0.252
1       1.047      0.051
1      -0.227      0.598
1      -0.163      0.060
0       0.690     -0.518
0       0.556     -0.429
1      -1.120     -0.085
1      -1.533     -0.096
1      -1.098     -0.433
1      -1.416      0.090
1       0.060      0.633
1      -0.411     -0.126
1      -0.368     -0.102
1      -1.361     -1.101
0       0.780     -0.387
0       0.439     -0.697
0      -0.090     -0.193
1       1.021      0.263
1      -0.874      0.762
1       0.415      0.899
0       0.348     -0.058
0       0.349     -0.160
0      -0.729      0.409
0       0.327      0.245
1      -0.515      0.383
1      -0.896      0.389
1      -1.203     -0.740
1       1.038      0.270
0      -0.846     -0.046
0      -0.173     -0.380
0      -1.209     -0.347
1      -0.297      0.641
1      -3.232     -0.405
0      -1.087     -0.618
1      -1.426      0.107
1      -1.014      1.005
1      -0.213      0.013
0      -0.325      0.154
0       1.944     -0.469
1      -0.572      0.837
0      -0.250      0.062
1      -1.569      0.265
0      -0.477     -0.476
0      -1.338      0.427
1       0.030      0.195
0       0.853     -0.578
0       0.404      0.020
1      -0.701     -0.225
1      -1.631      0.055
0       1.460     -0.125
0       2.050     -0.095
0       0.121     -0.516
0      -0.990     -0.162
1       1.198      0.383
1      -0.593      0.872
0      -0.470     -0.580
0       0.886      1.189
1      -1.385      0.763
1      -1.957      0.084
0       0.421     -0.151
0       0.401     -0.349
1       0.095      0.416
0       0.497     -0.347
0       1.082     -0.231
1       0.970      0.442
1      -0.569      0.218
1       0.810      0.448
1       0.173      0.252
1      -0.506     -0.200
1      -1.193     -0.257
0       0.647      0.398
0      -0.354     -0.336
1       0.046      0.593
1      -0.793      0.395
1      -1.551      0.144
0       0.172      0.002
1      -0.062      0.183
1       1.199      1.763
0       0.802     -0.056
0       1.053     -0.778
1      -0.749      0.958
1      -0.936      0.305
0      -1.269     -0.324
1       0.498      1.309
0       2.789      0.275
0       0.728      0.147
1      -0.773     -0.389
0       0.837     -0.532
1      -1.128     -0.884
1      -1.424     -0.211
0       0.717     -0.527
1      -0.778      0.324
1       0.316     -0.159
1       1.407      0.884
1       0.401      0.755
1       0.930      0.082
