X    6.7298  12.4481   2.8928   2.1680  11.9433  15.7883  13.5311   4.3217  -1.0188 -16.0841  -2.0298  -2.7861 -13.0408 -16.3152 -13.7421  -2.0458  -2.2566 -10.3046 -15.1086 -14.2680  -5.1978   0.3329  11.0751   3.2165   1.3402  13.4484  17.7113  13.6488   3.7329   0.7276  11.7081  13.1677  14.8663   6.0905  -1.5526 -15.5434  -2.9221  -0.2040  -4.7286 -15.2901 -13.3393  -4.6629  -0.3025  -5.0627 -13.4649 -13.4985  -8.1533   1.3829  16.3932   4.1166   2.0202  11.3211  14.2885  16.4066 
Y    3.1526   8.5596   0.5508  -0.5039   7.9945  12.5075   9.5201   1.0539  -0.5161  13.0794   0.7243   1.2659   9.6211  11.8444   9.3349   0.9046   0.0718   5.1012  12.0090  10.5640   2.4221   0.6265   6.2953   2.0666  -0.6342   9.9080  13.9325  11.4126   1.9315   1.1572   6.7594   8.4977  10.1815   1.0657   0.9709  12.3616  -0.1859   0.8845   0.9521  12.6560   8.7489   0.9791   0.3287   1.1448   7.0774   8.0556   2.7809  -0.3680  11.9988  -0.5346  -1.9596   4.0806   9.1978  12.3205 

  7.8413  10.8519   0.9286   5.4403   7.8444  16.0891  14.2393   7.1273  -2.0098 -11.1937  -1.1844  -8.0247  -9.1525 -17.8110 -14.9381  -5.2561   0.2707   6.8668  -0.3544 -12.4210  -5.8884   1.2692  15.3751   4.2912   1.0706  12.7253  15.3498  13.7318   3.7069  -0.1629  -6.3540  -1.9004  -6.9676  -9.0775 -14.2843 -11.5400  -3.2685  -2.8611 -10.2878 -15.9527 -14.8246  -5.4213   1.6657  13.0411   2.7005   3.6430  10.7215  16.1804  15.6561   4.7856   0.4753  12.0997  15.9464  15.1363 
  2.7958   6.6397   0.4630   3.0147   3.1791  13.6866   9.5904   3.1809  -1.0126   5.5852  -1.0605   2.0766   5.0492  16.8622  11.4118  -0.8994  -0.0576   2.3667  -0.2590   7.1652   1.7740  -0.2804  10.6434  -0.3961  -0.8702   6.8957  10.0585   9.0098   1.7959  -0.4242   0.5589  -0.5453   1.9255   5.8918  10.9692   8.1252   1.1544  -0.3644   4.7648  14.1510  10.9697   2.1276  -0.7972   7.9597   0.0952  -0.2662   6.3909  13.3414  12.8852   0.1669   1.2703   7.1522  12.2288  12.4251 

  8.1689   9.9262  -0.3843 -16.7448  -8.9899   0.7162  17.7824   5.2355  -0.8124 -15.5465  -1.5071  -7.2285  -9.8096 -13.5041 -11.9427  -3.9620  -2.7717 -10.5807 -13.6840 -13.7990  -5.9284   1.0975  15.5675   4.4278   0.0406   2.2898  18.1806  15.2439   2.6438   3.1174   8.7353  14.3723  12.5588   5.7044  -1.3956 -16.6501  -4.9638   1.4221  13.2086   1.6159   6.2573  11.0554  16.7949  12.3542   1.2110   6.9176   7.9445  15.1747  11.7983   4.1703   0.9615  13.3460  15.4553  14.8421 
  4.4026   4.0051   0.1009  13.4656   2.7004   0.8069  17.4809   0.6187  -0.1595  13.1830  -0.1229   2.0934   4.2810   8.4418   7.1657   0.8735   1.6167   6.0894  10.0667   9.5445   1.8393  -0.0192  11.7851   1.7708  -1.3506   1.0373  16.1554  10.6821   1.1866   2.1137   3.2869   9.3522   7.8745   0.5933   0.5823  14.8557   2.3294  -0.4967  11.1436   0.2073   3.3371   6.3498  15.1934   6.7244  -0.0035   1.8519   1.3295  11.3909   8.7508   1.1784   1.4481   8.2577  12.7751  11.4760 

  8.3365   9.2122   1.9573   4.0009   9.7499  15.0322  12.0917   3.0373   1.6570  11.5222  14.1702  15.1877   6.9296  -0.2236 -10.1735  -2.8410  -1.9651 -11.1994 -16.0491 -12.7633  -4.4489  -1.2058  -8.9604 -11.4743 -15.9755 -10.2583   0.0712   7.7442   3.2393   1.4753  11.8664  16.2043  15.5595   5.1919  -0.5698 -12.6967  -1.5293  -4.9116  -6.7820 -14.1159 -12.5042  -4.5426  -0.2758  -5.4930 -14.1698 -17.2874  -6.7294  -0.1904   0.3588   3.1370   2.5601   9.1532  14.8746  15.3942 
  4.2900   3.6792   0.1988   2.7978   3.7630  10.1133   7.4732   2.8523   0.7943   7.7243  10.3696   9.3937   3.3767  -0.1339   3.8527   0.2267   0.3046   7.7832  14.2494   7.0524   0.6608   0.0997   5.1230   6.5221  12.8965   4.7551  -1.5943   2.4970   0.1759   0.3634   6.5512  13.9918  13.0548   2.1957   0.4360   8.3480  -0.7559   0.2809   2.9012  10.1985   7.5350  -0.4942  -0.9311   0.7474   8.8938  16.7965   1.5787  -1.6750   1.3416  -0.1791  -0.1623   5.2972  12.8393  11.4851 

  8.0329   9.6398   2.3561   1.7599  13.0054  15.8351  15.3686   5.5066  -1.0823 -13.0549  -1.1565  -5.2261  -8.6734 -15.8171 -11.6792  -3.4469  -2.7611  -8.3543 -14.6884 -13.8770  -4.1754  -0.0595   1.9089   5.0021   0.2149   7.6201  15.6682  12.2895   2.2172   0.9675  13.1569  14.9097  15.0167   7.7266  -1.1703 -17.2576  -3.3771  -0.2316  -5.7499 -15.1416 -14.3066  -3.9142   0.5544   9.7625   1.3308   5.2496   8.4954  14.7319  14.4940   4.2201  -0.0942  -3.6095  -1.6699  -4.2992 
  3.3788   4.7122  -1.2361  -1.6130   9.1508  13.4903  11.0591   1.7486  -1.6677   8.4379   1.4165  -0.4166   4.8991  12.4422   6.6191   1.9915   1.6132   4.1342  10.7842  10.1572   0.9625   0.5610  -1.8329   1.9335  -1.1584   3.8661  11.3543   6.7748  -0.7321   2.2860   9.0695   9.8653  12.1667   2.9044  -1.3946  13.7476   0.4528  -0.5526   0.5245  11.4361  10.7185   0.3004   0.7346   3.6208  -0.1939   0.4138   2.7826  10.0195   9.7762   0.4095  -2.7542   1.8732   1.2166   2.7463 

  7.4633   9.9258   2.1134   4.1018   6.3678  15.2250  12.9947   4.8527  -1.0074 -13.6275  -1.9792  -2.9649 -11.5459 -16.2096 -12.9887  -3.1347   0.1835   5.5323   0.2943   1.5047  17.4796  15.9755  10.9819   1.1765   5.5212   8.8417  15.4292  14.2745   5.4623   0.0369  -0.2191   3.2289  14.8826   6.4136  -0.9137 -17.1506  -3.3424  -0.1243  -3.4645 -15.1308 -14.3056  -5.6600   1.9897  15.5151   3.0614   3.7150  11.1297  15.3489  11.5107   1.6995   4.0782   8.4662  14.6224  15.5632 
  2.5390   5.3999   0.0653   1.8583   1.7505  12.1820   8.0043   1.2747  -0.7715   9.6454  -0.6987   1.2916   5.4726  12.6596   6.6269   1.0110  -0.4017   1.8354  -0.3197  -0.5582  15.2404  13.6618   5.9446  -1.0677   2.0638   4.5982  12.9544  10.6452   2.4850   0.1648   0.4064   0.5285  10.1419   3.3559  -1.5178  15.2072  -0.4901  -0.9110   0.4725  11.4703   8.8936   2.0796  -1.1342  12.1560   1.2616   0.1425   4.5944  12.7028   7.2533   0.9653   0.5598   2.3538  10.0530  11.2061 

  8.4952   9.6415   1.4085   4.6643   8.2327  14.3101  13.1194   3.8771   0.1472   1.9370  17.1120  17.2369   8.1373  -0.4505 -12.6766  -1.9886  -4.0999  -7.6597 -14.9974 -16.0449  -6.5034  -0.8427 -10.3790 -12.3478 -15.7763  -8.3985   0.6799  16.1043   5.2447   0.9332  10.9706  13.3865  13.6798   4.8886  -0.3855 -12.9761  -2.5576  -3.0987  -8.6203 -13.8172 -13.6569  -5.8091   0.4760  11.5116   3.6455   2.6401  10.5529  14.5775  15.3415   5.1022  -0.1699  -5.1499   0.5630  17.1769 
  2.9603   6.5456  -1.1598   1.3588   4.0237   8.9901   9.4304   0.7729  -0.4988  -1.2849  13.8657  14.6740   1.0568  -0.3294   9.3132  -0.1042   0.9156   4.1426  13.0711  13.6984   2.0580  -0.7987   7.0744   9.0884  12.6734   2.7404  -1.0290  12.9056   2.9139  -0.6503   7.2653   8.4972  10.2216   3.0470  -2.0489   6.7218  -0.2335   0.0728   3.9685  12.2048   9.0331   2.6679  -0.4620   7.0235   1.5042  -0.7838   4.0759   9.2583  11.1177   1.9180   1.9315   0.1217   0.3757  16.0928 

  9.3468  10.1103   3.0240   3.0154  10.4840  13.9898  14.4675   4.4184  -0.0887  -4.3617  -0.9645  -7.9683  -8.7285 -14.1550 -11.1976  -3.1913  -0.9514 -12.9801 -15.9122 -14.5234  -6.4794   1.3078  14.6621   2.9562   3.1557  10.3631  15.8865  11.4654   3.5437  -0.0719  -3.0411  -1.6557  -5.1857 -11.4077 -14.7295 -14.2437  -4.9591  -0.9301 -13.3400 -17.2864 -17.0711  -2.6242  -0.3718  -6.3901 -14.2504 -15.9942  -9.0083   1.2381  15.6211   3.6654  -0.0414  -1.6936  -4.0991  -2.2607 
  2.8994   3.2354   0.2363   0.0871   5.8748   9.8698  10.0617   2.3463   0.3829   2.0192  -0.1155   4.4119   5.0398   9.3237   5.4176   0.2280  -0.3427   8.8998  12.8527   9.6215   2.2375   2.3948  11.3582   1.1678   1.7880   5.6997  11.9942   6.6722   1.2643   1.1387  -0.5077   0.5844   1.8946   6.4602  10.0154   9.0038   2.5243  -1.7417   8.6356  14.0533  14.4042   0.2347   0.7665   3.2492   9.4314  12.8562   5.0453   0.8406  11.7082   1.3988  -0.3845  -0.9507   1.5586   0.5488 

  9.4143   9.5113  -0.7291 -19.9565 -10.7545  -0.4395  -4.1685 -14.1045 -14.4087 -12.3506  -1.9095  -4.2597  -9.8422 -16.5373 -14.2868  -2.6146  -2.1138 -11.5754 -15.9714 -14.2118  -7.3591  -0.3526  -5.4063 -13.4405 -16.0524  -8.3626  -0.0045   5.2361   2.6847   1.7937  10.0077  15.7576  13.5522   6.3895  -2.1813 -13.9676  -5.2315  -1.2114 -13.5132 -13.8196 -11.8925  -4.1490  -0.4250  -6.7211 -11.5276 -15.5181  -8.1846   0.2389  10.1969   4.6481   0.2708   8.4181  15.6547  14.9127 
  4.9886   5.2504   0.3164  20.1034   6.1197   0.0152   1.7872  11.0984   9.6790   7.6738   1.6487   0.7388   4.2039  13.4969  10.0462  -2.0467   0.8213   6.4090  14.1142  11.3218   3.5867   1.2185   1.3702   9.0905  12.9823   4.2661   0.2361   0.9276  -0.1124   0.8106   4.5675  12.0126   9.0271   2.3394   0.1698   9.6805   1.2195   0.1625   8.6909   8.2763   7.1906  -0.4800   0.0805   2.2348   5.5049  11.0668   4.0982  -1.3463   4.4140   1.7141   0.2233   3.2346  12.0911  11.3642 

  6.5041   9.6899   2.3661   2.2700  10.0225  13.8364  13.7619   5.1065   0.8545  11.2059  14.7986  16.4296   7.1396  -1.0102 -16.6460  -6.0816  -0.1367  -2.6538 -18.1764 -15.8466  -8.0117   1.0694  17.5792   3.2511   0.5002  13.7456  15.7450  14.6757   4.0517  -3.0503 -10.1019   0.4123  16.2691   8.5740   0.4038   6.1078  13.8221  17.4083  10.1388  -0.5030 -14.4425  -5.3312   0.9754  14.1645   2.9548   1.6763  11.8509  15.6641  13.8868   4.3529  -0.7860 -13.1600  -1.0911  -7.1351 
 -0.2608   3.8773  -1.3418  -0.2572   2.8572   9.3258  10.8150  -0.4391  -2.5611   6.7620  10.9123  13.4089   4.9661   0.2646  14.7615   1.4909  -0.7515   1.2700  16.4044  13.8928   3.3034  -0.4977  17.5970   1.4731   0.5703   8.4284  12.1634   9.2076   1.2093   1.9133   4.3232   0.0766  10.6522   4.6505   0.0753   1.9211  11.6133  14.3931   5.4151   0.0765  11.3604   0.9874   0.9453  11.0404  -0.7918  -0.4655   6.2602  12.7921  10.0318   2.2222  -0.1635   7.6049  -0.3054   2.5048 

  6.4592  10.5628   1.1113   5.0971   9.8689  15.6369  13.8281   6.7595   0.4009   7.0693  12.4447  15.8994   7.2670   0.0939  -1.3363  -7.7003   1.5501  13.3903   0.5670   5.4983   9.1059  16.6561  11.8443   3.3836   0.7306  13.3827  15.5468  12.4338   3.5140   0.5404   8.5449  15.7536  15.9656   7.4709  -2.3854 -12.2241  -2.4913  -2.8264  -9.4042 -14.7707 -13.3687  -4.4928   0.0029   1.6309   3.1067   1.9743  14.4357  16.2168  14.0798   4.4390   0.2314   4.3677  14.8207  14.9754 
  1.4335   4.3861   0.2991   0.6798   6.1537  14.7118  10.3890   3.3199   0.1806   0.6502   7.9418  14.5474   1.8033  -0.3237  -0.0459   2.7289   1.5747   8.5701  -0.9110   0.0205   5.4447  14.1142   6.9383  -0.1401  -1.4463  10.6955  10.6807   9.5629   2.5967   0.0637   4.6386  13.1406  13.7109   1.3957  -0.1226   6.1151  -1.2549   1.2894   5.3788  10.4889   9.3565  -1.0618   0.4215   2.0684   0.6201  -0.1218  10.1527  12.7372   9.5077   1.9152  -0.2915   1.9172  12.8467  11.0847 

  8.8174   9.9997   2.9903   1.1193  13.0247  15.5709  14.2155   7.5862  -0.6415 -13.1170  -2.4913  -2.7844 -11.7927 -15.8235 -12.0957  -2.0827  -3.8013  -7.3761 -14.3335 -14.0311  -3.7015   1.1801  14.4692   3.1335  -0.0164  -0.0435   8.5445  12.5740   2.9800   3.8720   6.1624  13.4196  13.2164   5.7601  -1.0021 -16.0479  -2.6248  -4.9738  -8.5531 -13.2125 -13.0108  -3.2617  -1.8201  -8.3629 -14.0607 -15.3760  -7.4935   3.0755  11.9055   2.1061   4.3068   7.1389  13.9149  14.7339 
  3.9658   5.9720  -1.0416   0.8297   7.5474  12.7313   9.8230   3.9060   2.0323   8.1136   1.2654   1.0289   6.8466  11.7978   6.9575   0.9419   2.0429   4.2924   8.8049  10.1375  -0.8277  -0.2649   9.5419   0.4966   0.3827  -0.8269   2.9758   9.5084   0.1560  -0.7590   1.4516  10.3772   8.1668   2.1996  -1.3665  12.7421  -1.0138   2.9016   5.0721   7.8985   9.0996   1.5050  -0.6968   3.9811  10.2990  11.3591   2.4337   1.0418   5.5302  -0.1480   0.2696   1.1691  10.8552  10.2649 

  8.6666  10.5196   0.0079  -9.6893  -6.2539   0.3178  13.1584   4.4143   0.4854   9.0550  13.8268  16.3480   6.6311   0.7485   8.9195  12.5499  15.5816  10.3637   0.7441   7.8887  10.6765  14.5168  11.2505  -0.4018 -16.6949  -8.0777  -1.2533  -9.5416 -12.2902 -16.1883 -10.5073  -0.1271   3.1466   5.2913  -0.4449 -13.1520  -3.9266  -0.3885  -8.1482 -14.6981 -14.8107  -4.4845   0.9122  15.1136   2.2072   3.1116  10.5849  15.7112  10.3175   3.1444   0.5616   8.9802  13.6685  14.7921 
  5.7149   4.8479  -0.8665   4.7046   1.1677  -0.8592   6.3327   0.8982   0.5422   4.3321   8.4873  14.6619   3.6689   1.5695   4.2251   8.3134  12.6208   4.9497   1.6001   2.8855   6.4495  11.9324   7.4541   0.5159  14.1531   3.6805  -0.6327   5.2688   7.8798  12.4201   4.9420  -0.0433  -0.1530   1.3981   1.1846   7.9972   0.5855  -0.2880   2.5706  11.3104   9.3224   1.0724   0.1869  11.4832  -0.1580  -1.0140   6.2716  13.3668   5.7976   0.9103  -0.0687   1.9200   7.8214  10.6216 

  7.6160   9.8857   2.9389   2.3945  11.5484  15.8377  14.6260   4.3023  -2.3385 -11.3453  -0.8421  -5.1498 -10.0549 -17.1122 -14.6978  -4.3280  -2.0028 -11.5506 -15.7090 -14.5716  -3.9431   0.3254   7.1503   1.0909   4.6702   8.2151  14.1409  12.8296   4.0728   1.4029  11.7051  15.8159  15.3910   6.4274  -0.5476 -14.0690  -3.3391  -3.3350  -7.9573 -13.5130 -13.3809  -6.6894   1.8390  12.0123   1.8293   5.0805   8.8654  15.3012  13.2170   3.3008   1.3302  13.7655  16.2938  17.3234 
  2.8318   4.8528  -0.6997   0.8852   5.7981  11.4642  11.0878   0.6237  -0.4346   8.0231   0.8702   2.7749   4.6681  13.8733  11.0061   0.9608   0.8975   6.4242  11.8187  11.5535   0.5468   0.3295   1.1049   1.1612   2.8284   3.8306  11.1491   8.6316   0.5907   1.3209   7.2264  14.1729  11.1541   3.6396  -0.1405  10.9152   2.1794  -0.6203   3.7984  10.1100   9.2028   3.1343   2.3591   7.5983   2.7678   0.5327   3.1233  12.4205   8.3285   0.2762   1.1607   7.8201  13.4784  14.3914 

  7.1035   8.9019   1.9570   3.8786   8.7081  14.0939  13.6461   6.4017  -1.2840 -15.8562  -3.1037  -3.5505 -10.8357 -15.8062 -14.5452  -4.0631  -1.2072 -13.1292 -17.5980 -14.7572  -5.6712   1.1806  15.3505   3.6853   1.0454  15.7161  16.8357  14.5663   2.7028   1.1563  11.8565  14.5889  14.2402   4.7177  -0.2494 -10.0237  -1.1913  -4.3320  -8.2056 -15.3290 -15.1028  -4.5009   1.7370  13.4444   1.9092   6.2281   9.0343  15.1496  13.2990   4.5253   0.0415   1.2984  19.3523  17.1577 
  3.1276   2.1039   0.5142   0.7174   3.5107   9.9114   9.8739   1.9712  -1.1944  12.3519  -0.6561   0.4383   4.5316  12.5976   9.8187   1.1924   1.1693   7.6112  16.4249  10.5946   3.4619   0.7806  10.7919   2.7558  -0.7348  12.0873  12.9374   9.6506   1.3799  -0.5533   7.9351  10.7709  10.1717   0.6136  -0.6030   5.0862   0.1301   3.1722   3.8577  11.2814  10.1516   2.6343   1.1353   8.3629   2.1216   2.2647   5.4406  11.5323   9.8022  -0.1273   1.0055  -1.8149  17.3291  12.7942 

  7.0559  10.8107   1.9038   3.7067   9.2198  13.8799  13.9696   3.2029  -0.1146  -5.8427  -0.6186  -5.1623  -8.0147 -15.0836 -11.5372  -2.0388  -2.7413  -9.4840 -15.3525 -15.8594  -7.6757   0.7256  14.4009   3.0004   3.0202   9.6137  15.9030  13.7612   5.4485   0.0028  -1.1009  -5.7533  -2.4455 -11.8778 -16.5581 -12.6310  -2.0532  -4.4212  -9.1186 -15.5805 -13.7588  -3.7786   1.1930  12.2378   4.0373   3.3241  11.9037  16.8690  13.5596   4.0591   0.0465   0.6361  18.3468  15.4669 
  3.2131   5.7018  -1.1371  -0.8089   5.7960   8.8722   9.4920  -0.0708  -0.8691   2.1821   0.7324   1.4630   2.6708  10.4334   7.1130  -0.4749   0.6945   3.5149  10.7428  11.9902   3.8472   1.3213  10.0048   0.7797  -0.8480   5.5844  11.8543   8.2579   2.0678  -0.1749  -1.0252   3.3645  -0.2229   7.7568  13.5979   6.3135   0.4896   2.5402   4.3113  10.5461  10.2151   1.1146   0.6651   6.7409  -1.1666  -0.9843   6.2421  15.9139   7.8886  -0.9213  -0.0076  -0.4879  15.9896  12.2925 

  8.0075  10.4095   2.9256   1.6205  12.5512  13.8228  13.1680   5.0788  -0.5866 -14.9527  -1.9330  -4.8100  -9.5318 -14.3524 -11.5237  -2.4355  -1.4764 -13.5564 -18.1072 -16.8741  -5.4873   1.8713  15.2479   3.4662   0.9897  14.1826  15.1718  13.4288   4.6441  -0.3245  -7.8828   0.4627  15.4077   6.6480  -0.4934 -14.7767  -2.7701  -2.8232  -9.3978 -15.4423 -12.8202  -3.8583  -1.3483 -10.9409 -13.0565 -14.4782  -5.1514  -0.1219   0.5577   5.9763  -0.3167  -5.9136  -0.9551  -5.9657 
  2.7119   5.6590   1.7356   2.4603   9.4770  10.5913   8.2931   1.9799   0.1359   9.6013   0.0474   1.7019   3.9162  10.4408   6.4418   1.5338   1.0176   9.3159  17.6691  15.2323   0.9795  -0.4420  13.3156   1.5186   0.3534  10.8595  12.3571   8.6194   1.2593  -2.0826   2.9500  -0.0622  12.2200   3.7536  -0.4964  10.2325   0.2188   2.1386   4.9894  10.0626   9.7782   0.4152   0.2084   5.2475   7.5684  10.8835   2.4784   2.7543   0.8776   2.1390  -0.1409   1.7040   0.1193   1.0814 

  7.9351   8.2175   0.9568   5.6103   7.6268  14.3930  13.7258   1.9679   0.8487   9.3152  14.2382  15.4488   6.2653   1.4784   6.2450  12.8217  14.8290   8.9905   1.9524   4.0152  11.4421  15.6737  11.9159   0.0670  -4.8640  -5.9174   3.0192  13.0113   3.6341   3.0944   8.6498  15.9559  14.9788   8.4613   0.6583  10.9607  15.1323  16.3274  10.2836  -0.4518 -15.1422  -5.3723   0.4227  11.9444   1.6988   4.7688   7.7532  14.7201  13.1424   4.1996   1.5818  12.0385  15.2392  15.1004 
  2.1165   3.6734   0.0439   3.1155   3.3099  10.2455   9.2423  -0.3841   1.0419   5.2516   8.9044  12.1813   2.4943   1.5631   1.4464   9.5664   9.6981   3.0206  -0.9034   0.9039   8.1558  12.1346   6.6581   0.3197   2.3223  -0.0884   0.4837   8.5152   0.8492   0.6546   2.5367  12.5132  13.6059   4.5227  -2.7970   4.5256  10.2711  13.4569   4.4883   0.1637  11.0636   1.0341  -1.6615   8.4317   1.3370   1.2665   2.7864  10.5991   8.9825   1.8904   0.9203   6.0204   9.9628  10.9827 

  7.5978   9.3552   1.1859   4.0455   8.1032  15.3182  15.7459   4.9138  -0.4590 -12.6273  -2.6041  -3.6644 -10.2601 -16.9190 -12.4437  -3.3811  -1.4672 -12.3728 -14.7782 -14.9119  -6.2815  -0.6957  -8.8293 -12.5954 -15.0506  -9.2892  -0.9769  -9.5741 -12.9388 -15.2616 -10.0929  -0.8697  -5.1461 -10.2087 -16.1778 -13.3059  -4.1632  -0.8832 -13.9585 -16.9146 -15.3057  -4.9282   1.2222  14.4937   1.6270   4.8732   9.4127  15.3133  15.0822   2.2896  -0.0794  -0.4823  -2.4781  -3.1546 
  1.1058   4.6459  -0.0956   2.0726   1.8057  11.3392  12.6738  -0.7074  -0.6281   7.3322   0.9706  -0.7254   5.1754  15.6231   7.7089  -0.0094   0.0537   7.2791  10.1631   9.6114   2.5091   0.6603   3.0145   8.1115  11.1001   4.2361  -0.6369   4.8959   8.4323  11.4182   6.0429  -0.1970   0.7645   6.5602  13.6622   8.0893   1.5188   1.0813   9.7882  14.0709  11.1050   1.5727   0.6962   9.8155  -0.7859   0.5758   4.6310  13.5008  10.1882  -0.3479   0.3328   1.5119  -0.7015   0.8683 

  9.0732  10.7548   2.1769   3.4372   9.9881  15.1301  14.0974   3.4753   0.8417  13.5195  14.8927  13.9075   6.1243  -1.0117 -16.7621  -6.7300   2.8271   9.8807  -1.0999 -18.2779  -6.7834   0.7461  14.6355   3.8533   0.4938  12.0644  14.3488  15.0105   5.2677  -0.5727 -11.5850  -1.3766  -6.0567  -9.4550 -15.4076 -12.9915  -1.7275  -4.4627  -7.4403 -14.7440 -14.0955  -5.7815   1.2384  14.5454   4.1843  -1.0534 -10.3935   2.5363  13.9912   3.1858  -0.0500   0.1653  10.2601  14.0596 
  3.6425   5.0529   1.6481   1.4316   3.5288  12.3612   8.6856   1.0731  -0.4331   8.3044  12.1310   8.3126   3.5645  -0.4606  13.1463   3.4729  -0.0705   4.1311  -0.0541  16.7052   0.9571   0.7152   9.9206  -0.1157   0.5260   7.6948  11.2557  10.0768   1.0102   0.5928   7.7608  -1.3981   0.5000   5.1764  10.6695   7.6329  -0.6052   1.4019   2.4953  10.7861   9.1203   1.7233  -2.5802  11.0559   0.8041   1.9239   4.3225   0.3162   8.0254   0.3261  -0.6856   0.6212   5.4058  10.6549 

  7.2433  10.4938   1.9966   4.9514   9.4239  14.8056  12.8309   4.8537  -0.8392 -13.8472  -2.6090  -3.3675  -9.6687 -15.8474 -12.8118  -3.8688  -0.3378  -6.1482 -14.8128 -15.7784  -7.4179   4.1862   9.3939   1.3581   6.6704  10.1188  14.4629  13.8693   3.0473   1.9410   8.9927  14.5827  17.2384   8.0996  -2.9483 -11.9543  -2.9527  -2.4465  -9.9545 -15.1751 -14.1626  -5.1424   0.9340  13.8199   3.3525   1.4240  14.6028  17.1489  13.0255   2.7435   2.0550  10.9894  15.0548  16.2873 
  2.2491   3.7489  -0.4273   1.1008   4.0880  10.6409   7.2385   2.0606  -1.5419   9.1398   0.4095   0.6703   4.4594  13.0011  10.8077   0.6057   1.2645  -0.1486   9.3796  12.8174   4.1853   1.9979   4.7898  -0.3390   3.0408   4.0590  12.2360   9.7724  -0.5287   1.2820   4.6597  10.3004  16.1135   3.8316  -0.2997   5.9337   0.9747  -1.6397   5.7185   9.8489  10.0677   1.7295  -0.2258  10.3952   1.3911   0.5851  10.5023  13.1412   7.1958  -0.0375   1.8728   6.1850  11.9368  12.7011 

  9.2340  11.0277   3.6230   0.9679  12.3525  17.3760  13.1495   2.1388   1.3168  11.0288  13.0413  14.4945   5.8100  -1.1533 -15.5006  -3.8367  -1.3191 -12.1271 -14.3757 -14.4294  -4.5383   1.4941  16.2137   1.7756   1.9943  12.3285  17.0157  13.7868   3.6662   0.0751   0.8268  20.2083  18.1341   9.2852   1.6969   9.2422  12.5029  17.1507  11.7261   0.9194   7.9332  12.1739  15.8250  11.0965  -1.7042 -16.6560  -6.9676   2.0253  15.3851   4.5281   2.5187  10.6271  14.9250  12.7336 
  6.7925   4.8574   0.3508  -0.9773   6.9743  15.3126   9.8201   1.6155   1.0002   6.0896   8.9285   9.0157   2.0919  -0.1209  11.4432   0.6604  -0.3241   7.3267   9.6553  10.5998   0.7149   0.4300  12.9562  -1.4214   1.1591   7.5716  14.8884   9.1567   3.5175  -0.9367   0.3286  18.3595  15.0193   3.8949   1.2711   5.0267   7.6201  15.0068   8.7908   0.3131   1.7981   7.1431  14.5159   7.4758  -0.0306  15.3351   3.3123   0.3199  13.5635   1.5135  -1.0983   5.3406  10.6294  10.6692 

 10.4475  11.6196   2.5701   1.2270  14.6385  18.1947  15.6242   4.5752  -0.9327 -14.2173  -1.6647  -7.1023  -9.0514 -13.9860 -13.2658  -1.3527  -6.2682  -7.7602 -15.0613 -14.0014  -5.4845   1.0716  14.6918   1.5190   5.5465   9.8992  14.2855  13.3510   5.3929  -0.3754  -9.9137  -0.5698  -5.8174  -8.7244 -15.3781 -11.5021  -1.4183  -5.0487  -6.8822 -15.9812 -13.5808  -4.0805   1.4642  14.2137   3.7852   1.3168  14.9294  17.1749  14.6634   4.6408   0.2173   4.9644  14.5424  15.0681 
  7.2598   6.6231  -1.2243   0.8239  10.8115  14.6701  13.2616   0.5053  -0.3794   8.6462  -0.2600   2.3862   2.9453  10.9662   9.3041  -0.8907   1.1406   3.1818  11.3301  10.9220   2.4733   1.8514  11.0099  -0.1184   0.5919   4.3705   8.5040   9.1031   1.8017  -0.5138   5.5266   0.4484   0.3117   2.4584  10.0947   5.5554  -1.1307   2.4050   2.1165  13.7481   8.9251   1.7443   0.2459  10.6708   1.2519  -0.1858  10.6717  14.7450  11.5030  -0.3350  -0.9012   2.5616  10.3161  11.9128 

  9.6139  10.2100   1.9385   5.4315   6.5944  14.2196  11.9412   4.9924   1.2012  10.6832  14.2196  15.8384   7.2056  -0.1118  -6.9872  -0.7848  -4.8474  -5.7055 -15.8017 -15.0913  -4.6183   1.0377  12.8997   0.8840   5.5965   9.1577  15.6544  14.9474   3.7035   1.1025   9.8420  14.2812  15.6095   6.0617  -0.3795 -11.3448  -3.1730  -1.3831 -12.7305 -13.9412 -14.6570  -5.7500   1.3568  13.5815   1.9411   2.8144  10.5702  14.5343  15.1409   3.6656   1.4496  12.7365  15.7485  15.4161 
  5.4004   4.8907  -0.4345   0.6644   2.4187   9.8219   8.9782   0.6054  -1.4183   5.7446   9.9907  12.1529   2.8836  -0.9493   3.8762   1.7532   0.3857   1.8785  12.9644  10.4341   0.6929  -1.3549   6.5689   1.8868  -0.5313   2.2225  12.4423   9.9234   0.5732   0.7312   5.3754   9.0212  12.5524   1.4163   1.6482   4.2605   0.8708   1.2002   7.2260   7.9855  10.1520   2.3844  -0.5354  11.2282   0.2121   0.6728   7.0731  11.9814  11.5235  -0.0002  -0.0472   7.3963  13.1273  11.2731 

  6.5445  10.6880   1.3096   6.1997   5.9466  14.6202  12.5844   4.6055  -2.6696  -7.8550  -0.4264  -2.3025 -12.0360 -15.6317 -12.9281  -3.5528  -0.4801  -9.7213 -15.7228 -14.1983  -5.5658   1.2886  16.7477   2.8834   2.3840  13.3754  15.9493  14.8125   6.0780  -0.6971 -13.1007  -0.5577  -6.5000 -10.5468 -15.9544 -12.6446  -2.2529  -5.1050  -7.0380 -16.0362 -14.0983  -4.9031   1.6494  12.9392   2.3658   4.5150   9.4510  13.3643  12.3884   3.8465  -0.2281  -6.5636   0.1888   9.4469 
  2.6240   4.7047  -0.8434   1.0640   3.2974   8.8229   6.9129   0.0421   0.4584   4.6841   1.2660   0.1973   7.3705  12.0623   8.8296   1.0058   0.0636   4.3356  14.0868  10.9348   1.2378  -0.1860  14.2100   0.5910  -0.1463   8.4724  11.4415  11.7760   0.8383  -0.5961   9.2724   0.2124   1.2389   5.3069  14.3313   8.7728  -1.9879   0.7915   3.7671  11.5134  10.2203   0.2500   0.2131   8.5651   2.3916   0.6056   3.8963   9.9729   6.2457   1.0211  -1.1206   2.0676  -1.4546   3.9138 

  8.1380   8.6908   0.1504  -3.2423  -7.8344  -0.0873   3.1120   5.7410  -2.0827 -12.0234  -1.1221  -5.8557  -8.6953 -15.2141 -11.5314  -3.2720  -1.2477 -12.3634 -15.6487 -14.2752  -4.9228   2.7981  12.8029   1.0885   4.9625   8.8178  15.0681  14.3399   4.9309  -1.4591 -13.5378  -4.3989  -1.3859 -14.4632 -15.9970 -12.1439  -1.9598  -4.9527  -7.8389 -15.7962 -16.7859  -5.7999   0.1255   5.8087  -0.3687 -15.9550  -9.0446   1.5519  16.7782   5.1632   0.3640   7.8221  14.4343  13.8964 
  3.5442   3.0114   1.0634   0.4909   3.6866  -0.5891  -0.8409   2.3822   0.5925   6.1898  -0.6893   1.6317   3.2219  10.3729   6.6769   0.6853   1.7657   7.1214  13.9674   9.6253   1.4044   0.9807   7.9491   0.7559   0.2997   3.9626  11.3632  10.0587   0.5253  -0.3301  10.1140   0.5629  -1.1609  10.4238  13.3316   7.0270   1.5816   0.8213   1.8668  12.9416  15.4931   0.7730  -0.3254   1.3109  -0.2116  13.5740   2.1459  -0.0618  14.5492   0.8898   0.9240   3.4817  11.6480   8.2447 

  8.4940   8.6826   1.8745   4.8113   8.5737  12.6780  13.8438   3.1917   1.1505  11.3802  16.0464  16.0283   8.0683  -1.6765 -16.0947  -3.9770  -0.5466 -11.7355 -14.6268 -13.4383  -4.4274   1.3047  15.9683   3.0291   1.1580  14.8665  16.9008  14.9707   3.7992   0.4956  11.2534  13.3917  13.0279   7.6849  -0.0792  -6.0514   0.4756  17.2429   9.6952   0.2691  -0.0779   2.8282  17.8501  10.5883   0.5547   2.4556  12.6105  14.7142  12.3684   2.0458   2.3798   9.9305  15.0772  15.6381 
  3.4467   2.3308  -0.8130   1.0937   5.3486   6.5854  11.9553   0.3915  -0.3242   6.8135  12.8550  12.7668   2.6569   0.8713  12.9455   0.4651  -1.4344   6.6790  11.5122   8.1842   1.8259   0.6065  14.2604   0.6466   0.6042  12.2202  15.7644  13.6947  -0.2646  -2.4426   9.1501   9.3999   7.7826   0.1658   0.6049   2.4420   0.6718  15.2113   4.6052  -0.6584   0.3884   1.7618  16.3804   5.2242  -0.5277   0.1264   6.7172  10.5072   8.5130  -0.8962   0.0767   4.3845  11.6613  12.4972 

  8.9387   9.7254  -0.4163 -16.4115 -11.0915   0.1141   8.0964   3.4041  -0.4743 -13.8774  -3.0716  -3.5762  -9.2488 -13.7752 -11.8683  -1.7740  -4.4975  -7.6888 -14.6936 -14.0208  -5.1075  -0.2204  -2.8754 -15.7483 -13.8701  -7.3657   0.9183  18.2729   6.0557   0.6249  11.2661  13.7507  15.3110   7.4794  -0.9309 -15.7963  -4.0370  -0.9473 -13.5499 -17.2167 -15.4221  -6.0238   0.1916   5.7643   0.5903   2.6409  12.1022  16.5083  13.2405   4.8646  -0.2684  -7.2206  -0.7328  -5.7271 
  5.4194   4.9839   1.3452  13.0940   5.6227  -0.5665   4.8577   0.6039   1.1078   8.8037   0.4905   0.2620   5.3046  11.0180   4.8060   0.3304   0.6379   3.1850  12.1682   9.6739   0.8408   0.5799  -0.3174  13.3284  11.0627   1.6166  -0.0592  16.5606   1.0170   1.0695   6.4051  10.5093  12.9803   4.6184  -2.0236  13.9413  -0.3958  -0.9550   9.3673  13.7256  11.4456   1.3616   0.6569   2.1937   1.7130   0.1788   7.9141  11.5699   9.3004   2.1424  -1.3328   2.8963  -1.1262   1.9316 

  6.6174  10.0372   2.1786   2.8176  10.7903  16.3764  14.4575   5.3708  -1.7068 -15.0962  -2.3970  -2.2694 -12.0238 -15.1434 -12.9721  -3.1376  -0.5008 -10.3511 -14.1455 -12.9929  -4.9642   1.4162  15.9139   3.2888   1.5022  12.7317  17.7446  14.3193   5.6152  -1.8428 -13.0125  -1.4019  -6.5244 -10.0515 -16.3512 -14.0875  -4.4821  -0.7204 -13.1538 -16.0229 -14.4008  -3.9600  -1.5999 -10.1502 -14.6688 -14.3799  -7.0188   1.4929  15.2484   4.2215  -0.1679  -4.6823  -2.1580  -5.5227 
  2.0312   6.5282   2.1664   1.8748   6.2553  12.6777   9.8616   1.8902   0.0443  10.5160   1.5556  -0.6608   6.0764   8.0973   7.3823  -0.6499   0.7306   5.5089   9.8764   7.5438   0.8186   1.6921  14.1995  -0.0322  -2.5632   8.6458  15.0119   8.4180   3.0823   1.4474   8.3669   1.6156   3.1660   5.0597  14.1002   9.0494   1.6554  -1.4429   8.4942  12.5610  10.2151   0.3864  -0.3623   4.1493  10.6441  10.7018   3.3599  -0.3283  11.7416   0.7445   0.7807   0.9459  -0.1967   1.0978 

  7.8084   9.0047   2.0193   4.1890   7.4874  16.5052  13.4709   4.6565  -1.0234 -13.5466  -1.6865  -6.8393 -10.5146 -15.7425 -13.3992  -2.3854  -3.0923  -9.5801 -15.3201 -14.3981  -4.8408   1.5541  15.2715   4.3113   1.4968  13.4899  15.0555  12.6154   2.6798   0.1097  -0.2522   0.9387  19.9270   9.3181   0.1133   0.6200  18.0804  15.6381   8.5326   0.2586   0.3603  11.9307  16.6236  11.9645   2.5622   3.6540   9.7416  15.1681  13.8932   3.4572   0.5275   9.8055  14.5472  14.3838 
  3.6204   2.2068   1.4451   0.3153   2.0141  12.6191   9.0235   0.2560   0.5855   9.9702  -1.0243   3.5777   5.0798  11.4204   8.8650  -0.3466   0.7497   5.0127  12.5502  12.1920   1.7968   0.4454  11.2086   0.8494   0.1841   7.0464   9.7433   6.9432  -0.8893   1.2347  -0.4317  -1.6968  19.9647   5.1660  -0.3263  -1.0314  17.2611  12.4643   4.2515   1.2621  -1.0984   7.6548  11.8436   5.6274  -0.1622   1.1435   4.6400  11.5837  11.2471   1.1966  -2.1389   4.7643  12.1550  11.0689 

  7.0821   8.4617   0.8434   7.4003   7.1785  14.9974  14.0270   6.8462  -1.0883 -14.1262  -1.8535  -4.7745  -9.1365 -14.7605 -14.0695  -3.0431  -1.1157 -12.0778 -14.4194 -14.0735  -5.1859   1.3698  14.4461   2.8292   1.9980   9.3511  15.3500  13.5856   4.3239  -0.9023 -13.7801  -0.3542  -1.5315 -14.8573 -18.5438 -12.9160  -1.4478  -5.5400  -8.8605 -15.3187 -14.5195  -4.7152  -0.7009 -11.6251 -12.6089 -13.8158  -8.2396  -0.3947  -5.5547 -14.1439 -17.3403 -10.9484   1.1611  19.3187 
  2.0076   4.2662   0.2436   2.2956   4.3578  11.5917   9.7873   2.2647  -0.0050  10.1457  -1.6551   0.7073   4.0057  10.7274   9.6433  -0.6035   0.5056   7.7822  10.8176  10.3436   0.5063  -1.5198   9.9493  -0.2023   2.0004   4.3154  12.4685   8.1532   0.0891   1.7223  10.0447   1.0004   0.6763  12.3349  16.6016   8.3631   0.8092   0.8635   4.2482  11.5520   9.1646   0.6471   1.0280   5.7640   9.3865   8.6444   3.8800   0.1698   0.1407  10.4156  13.7017   6.9121  -0.9625  17.3388 

  6.5241  11.0274   0.4103   2.5955  11.9949  13.8506  12.8120   2.9180   1.7203  10.9405  13.6903  15.3555   7.9032  -2.4568 -13.0601  -3.7381  -2.3896 -11.0690 -17.5488 -16.2556  -8.0348   1.7895  13.2766   2.7416   2.6077  11.8477  15.5700  13.8372   4.5657   0.3494   7.7136  15.4017  14.5800   4.8959   0.4662   5.9023  12.7296  16.3641   8.3128  -0.3002 -12.7274  -6.1953   1.2812  15.8357   3.9860   1.9481  11.5188  16.1134  13.5989   4.4953  -0.2708  -6.0215  -1.7772  -4.6594 
  2.4225   5.5661  -0.5830  -1.0376   7.4456   9.4070   7.7664   0.9083  -0.5628   4.8854  11.6538  11.5277   3.9732   0.0853   9.0975   0.6016   2.0446   4.3545  16.5384  12.3579   4.6058   0.6888   8.1061   0.4605   2.2364   6.3426  11.8172  10.3667  -0.3265  -1.9136   2.3068  10.8428  10.2178   2.3117   1.0781   1.0155  10.7720  12.4806   2.1490   0.9138   7.8038   0.5138   0.2579  13.0354   0.5453  -1.2989   7.8970  12.4441  10.3933  -0.1053  -0.7802   2.6020   0.7551   1.0587 

  8.7108  11.2927   2.3146   2.2934  11.1438  16.0804  14.0335   3.6348  -0.7377 -12.7055  -0.3887  -2.3804 -13.4450 -17.0522 -14.3117  -3.4723   0.0596   1.1127   5.8298  -0.0412   1.8229  19.3005  12.5862   2.9583   2.8475  10.6195  14.4358  14.7316   2.5619   0.9951  12.6054  15.7723  15.0648   8.9755  -0.9806 -15.9438  -3.3375  -1.8093 -12.0897 -16.5344 -14.5770  -5.4508  -0.1260  -0.5887 -17.5419 -15.5272  -9.6385  -1.2113  -8.5076 -13.3981 -15.6890  -9.6462  -0.2746  -0.5597 
  1.9826   7.6082   1.3383   1.3039   5.9655  14.1945  11.0390   1.0127  -0.7746   7.5172  -1.4864   1.2098   9.7239  13.2655   9.2652  -0.5782   0.2246   2.0546   0.1426   1.0388   1.8396  18.9359   7.7356  -0.9877   1.0736   4.0988  10.9840  12.4602   0.4394   0.8293   9.5547  11.8215  11.1631   4.8813  -0.6613  14.6400  -0.1313  -0.6343   7.8578  15.2911  11.9624   0.4735  -1.3489  -0.5089  14.1219  12.2361   5.6331  -0.2922   4.2798   9.4418  12.1699   4.5070  -0.0225  -0.3697 

  8.5988   9.1905   3.5257   2.0556  12.2402  16.1735  14.1288   3.4249   0.6945  11.7346  16.7741  15.8707   7.2045  -2.1306 -14.2715  -4.6002  -0.6375 -13.0428 -16.6697 -14.9188  -6.5392   0.6531  13.9184   4.2063  -0.2677  -5.6098   1.3558  17.9885   6.3954  -0.9131 -12.4965  -1.2974  -8.2615 -10.5491 -14.3509 -11.3796  -3.0415   0.4416   9.7950  -0.6430 -17.8264  -7.3998   1.7911  12.0439  -0.4731 -16.5899  -8.0909  -0.4372  -5.5076 -11.8703 -15.5061  -9.4086   1.1315  19.7005 
  2.6385   4.5337   0.4185  -0.6002   7.1289  13.0156   8.3248   0.9204   0.9788   9.2758  14.3041  11.2083   2.3806   0.3265  12.8332   2.8943  -1.4715   9.4839  12.5740  11.3306   2.0843   1.4427  10.7262   1.6262  -1.4402   1.7958  -1.3991  17.0685   1.7184   0.2767   7.8844  -0.3732   4.0012   3.6979  10.6166   6.7857   1.0158   1.9506   4.5042   0.6775  16.8806   2.1243  -0.2634   6.5734   0.1763  13.3567   4.6711  -1.6277   1.1787   5.8032  13.6754   2.6155   0.9525  19.6395 

  7.1561   9.5599   0.2935   2.2863  10.4453  14.5661  14.8236   4.6787   0.5181   9.2021  16.8571  17.3356   7.2853  -0.9037 -15.4970  -5.4315  -0.1086  -2.6831 -17.7045 -14.4295  -6.2579   2.8249  11.8480   3.0147   2.5846  11.1359  14.7924  13.2735   3.9732   0.2934   5.5646  13.4109  15.4057   6.7817  -2.4740 -13.3781  -3.7887  -0.9371 -12.0818 -16.7226 -14.6971  -4.8541   0.0642   3.6914   0.9528   6.4426  10.6472  15.7886  12.5348   3.8797  -0.9726 -13.4837  -1.3278  -8.3712 
  2.8987   2.4867  -0.3177  -1.6940   5.3706   9.6561  10.2199   2.0884   0.6111   2.3175  13.8844  14.2701   3.6815  -1.1280  10.9102   1.2900  -0.2066  -0.9203  15.4076  11.2371   0.6623   0.3795   7.3672   1.5781  -0.1376   5.9756  11.2625   8.9303  -0.0900   0.9153   2.2052   8.6662  13.2695   2.1425   0.3704   7.3355  -0.2703   0.7569   7.9428  13.4875  11.7073   0.0006  -0.2576  -0.0407  -0.6520   0.9338   7.0036  13.5064   8.1699   0.4829   0.4918   7.5472   0.2940   3.3871 

  6.9127  10.1135   1.1526   5.4776   7.5152  14.9806  14.3207   5.9845  -2.1877 -10.8269  -0.5180  -3.3434 -10.7705 -14.1069 -12.8177  -1.7522  -4.3164  -7.2308 -14.9393 -14.2284  -6.2571   2.5394  12.9599   2.8310  -0.1865  -3.0268  -1.7753  -7.2592 -12.1900 -14.7121  -9.5691  -0.4635  -2.2604 -11.7304 -16.2329 -13.0436  -4.0226  -0.4636  -9.8147 -12.3350 -12.5206  -3.3977  -0.6564  -9.7690 -13.2531 -14.7054  -5.7359   1.3654  16.5840   3.5649   0.1281   2.3677  17.7207  17.0564 
  2.8764   4.8998   0.6892   1.1407   3.4579  10.2887  10.9165   2.8731  -1.2261   5.6007   1.7191   1.4969   6.0875   9.9260   8.1864   0.8297   0.8519   2.8214  11.6249  10.6333   2.4635   0.8451   7.7266   0.5421  -1.1568   0.4039   0.1095   3.6059   8.9993  10.8216   5.6272  -0.2700   0.1343   6.9878  13.2511  10.3840   0.2901   0.1292   4.4980   9.1873   6.9880  -0.0235   0.1272   3.1665  10.0860   9.0279   2.3728  -1.1777  14.2627   0.0828   2.3874   0.3822  13.7308  15.1502 

  8.3444  10.0540   2.3803   3.6766   7.8949  14.2323  13.9123   5.1215   0.5739   9.5312  15.7852  13.7315   8.3649  -2.2541 -13.2433  -4.0553   0.1262   4.5901   0.8611   8.2127  12.3140  15.5683  12.0543   0.3897   0.7318  12.7117  14.1405  12.5041   4.8709  -1.9286 -13.7436  -1.0319  -5.1774 -10.8176 -15.2332 -13.4822  -4.4224  -1.6926 -10.6364 -15.3192 -14.6935  -5.0894  -0.6923  -9.9292 -14.9586 -14.8861  -9.4752  -0.2238  -1.0287 -17.2978 -18.9505 -10.8039   0.5486  18.3534 
  2.4450   2.9592   0.2815   0.1969   3.9289  12.9841   9.8053   2.4276  -1.0487   3.4606  11.5609  10.6878   3.3051   0.5760   9.2126  -0.3498  -0.9010   1.8113  -0.3210   2.6362   8.9730  11.0233   8.4851  -1.0250  -0.3357   9.5997   9.5130   8.1966   3.0270   0.0513  10.9386   0.5274   1.1966   5.5553  13.8820   9.3629   1.6795  -1.6619   6.0782  11.1511   9.0715   1.0820  -0.1908   6.6298  10.5619  11.4601   3.9927   1.0519   0.8664  16.6656  16.7776   6.1225   1.0957  16.3665 

  7.3933   9.4809   0.5281   4.1553   8.3547  15.2367  13.4393   2.8640   2.3886   8.2427  14.1129  17.3738   9.6277   1.2671   9.5658  13.1889  16.9233  10.0250  -0.6131 -17.9623  -6.6514  -0.4646  -8.1586 -12.5188 -16.1495  -9.1785   0.8714  15.1057   3.6428   1.3339  13.1095  16.3986  14.8423   4.0611   0.6146   7.5736  14.2559  14.9081   8.4497  -1.1556 -19.2939  -8.1369  -0.5727  -8.6440 -13.9851 -16.1873  -8.2305   0.7209  16.4742   7.0032  -0.6988 -12.8753  -3.1855  -3.0851 
  4.3937   2.9936  -0.2207   3.9082   5.0524  12.4564  10.5295   0.7681   2.3740   3.3835   8.0352  13.1767   4.5301  -0.5304   3.3662   8.7499  14.7863   4.7744   1.6709  16.6892   2.2141   1.0894   2.4489   8.2583  13.6711   5.3262  -1.3819  11.9553   2.5281   0.9290   8.2264  12.4528  11.8284  -0.2415  -1.0431   3.6178  10.6250  11.2913   4.6772  -0.7484  18.1520   2.8964   1.6237   4.1661  11.3196  15.4740   2.6501   1.5189  14.3281   2.1075  -0.9535   9.3181  -0.2854   0.6224 

  7.9925  11.5884   2.2495   2.1719  11.6663  13.3900  14.0070   5.2841   0.9080  11.1650  13.8973  16.9271   7.8906   0.8441   8.1436  12.1134  15.4395   8.2855  -0.2202 -10.7516  -3.6578  -0.4758  -8.7309 -13.3640 -15.3883  -9.9145   0.2843  11.0643   3.3635   0.3047   6.4620  14.3823  14.5870   5.2155  -0.4726 -13.8267  -4.0856  -0.0272  -2.0022 -18.4542 -14.1367  -4.2248   1.9715  11.8509   0.0515  -6.7118  -4.9977   1.0130  16.8920   5.8621   0.1624   2.0376  16.2909  17.4626 
  3.3376   8.1366   0.7088   0.7801   7.8820   8.6218  10.3641   0.0107  -0.1190   6.6780   8.7206  15.2310   1.9987  -0.9057   3.4015   7.2835  12.9883   3.2814   1.0889   4.9295  -0.0712  -1.2420   5.7689   7.9809  10.3694   5.8280   0.2009   7.3575  -1.6937  -0.7547   1.7105   9.5862   8.7838   0.0989   1.5642   9.1472   1.7233   0.0278   0.5662  18.5443   9.4239   1.1322  -0.3172   7.2222   0.6521   1.9527   1.0903   0.1506  14.0068   1.1896  -1.9454  -0.8620  12.8025  16.2207 

  8.8863   8.7103  -0.8358 -23.0139 -12.8763  -0.4000  -3.5069 -13.1690 -15.5031 -10.1692  -0.4488  -3.2741 -10.8640 -14.7136 -12.3204  -3.4851   0.0178   1.5716   5.0151   3.2019  13.6492  17.7418  13.8384   3.8181   2.1825  11.2362  15.2244  12.9303   2.8114   2.0402   9.2049  13.1745  14.6626   5.6678  -0.8051 -16.3897  -1.9987  -1.9292 -11.0826 -14.8950 -12.4706  -4.6675   1.2947  12.8852   1.6214   5.1122   7.8498  16.1502  13.4145   3.6635  -0.0731  -2.9747  -2.5088  -4.1130 
  3.6334   3.3353  -0.1144  26.9679   7.6907   0.7247   1.3554   9.2271  14.2602   4.0939   0.8433   0.4016   5.3157   8.8077   7.8793   0.4878  -0.5409  -0.4689  -0.1495   0.6555   8.2116  15.8810   8.9906   0.0689   0.2605   6.1913  11.3049   7.9068   3.3553   0.5832   2.7382   8.2688  13.1582   2.2403  -1.6621  12.5912   0.1649   0.5598   6.6267  11.0172   7.8709   0.2030   0.3689   8.1915  -0.1085   0.3299   4.6542  10.9350   9.3762   1.1355   0.2829   1.8148  -0.8351  -0.0120 

  6.4513   9.7162   1.6364   5.6629   8.0669  15.4284  12.9038   4.7695  -1.3826 -13.8699  -2.6839  -2.5266 -12.5053 -17.4157 -14.4818  -3.3901  -2.1717 -11.0053 -14.9159 -13.4346  -5.1336   1.2666  15.4854   3.8892   2.4776  10.5550  15.3267  12.9687   3.9560   0.5501  11.3936  14.9601  15.3349   7.3340  -3.0245 -11.3485  -2.6482  -2.3279  -9.7419 -14.7141 -14.3123  -4.5693  -0.1904  -3.1916 -15.3482 -16.2077  -9.5321   0.4314  12.9044   4.2561  -0.0475  -1.5620  -5.8017  -1.8575 
  3.3563   3.2361   0.5648   1.9527   4.4547  11.5633   7.8879  -0.3030  -1.5607   8.8263   0.3866   0.1390   7.6777  15.7539  10.1854  -1.0830   1.0813   5.8750  11.6337  11.3359   1.6522  -0.1225  11.5409   2.2209   2.5760   6.9962  11.4046   7.2571   1.6604   0.2894   6.3382  10.8227  12.6860   1.9220   0.9732   6.3719   0.7877   1.1447   4.7505  11.8262  10.5307   0.5259  -1.6013   0.2581  12.1653  13.3095   3.9620  -1.0553   7.4066   0.1194  -0.6145  -0.1895   0.2866  -1.0018 

  8.2797   9.4777   0.8284   7.3840   6.7281  14.4947  12.9389   3.1220   2.4250   8.1712  13.1163  14.9536   8.1206  -0.7912 -16.5580  -3.4460  -1.1520 -13.3900 -14.6028 -15.3521  -6.4091   0.3618   9.6883   0.7656   7.2001   8.0845  13.1972  14.2128   4.6514  -0.3419  -6.6404   1.2192  17.2864   8.6353  -1.2994 -16.1395  -2.5833  -2.3663 -10.5863 -14.7804 -14.4327  -4.5423   0.3063   9.7852  -0.2633 -11.2184  -5.9582   1.7020  14.7880   3.0757   0.6350  10.0425  14.5526  15.2813 
  4.8015   4.0701  -0.0391   2.6620   1.0287  10.5713   7.4534   0.1924  -0.5080   0.9694  10.3264  11.1843   3.9902  -0.7259  15.2807   1.1804   1.3705   8.8160   9.4433   9.1561   3.5005   0.4562   6.1182   0.6019   2.1919   2.9950   7.7642  10.6658   1.5860   1.0999   1.6914   1.0576  16.7391   3.6106   0.2572  13.9231   0.6148   0.8441   5.5563   9.9655  10.4289   0.0104  -0.9758   3.7817   1.7603   6.0442   0.5695   0.3357  10.6892   0.0742   1.9429   6.5898  10.1085  11.4430 

  7.6577   9.1651   1.7647   5.7844   7.2915  16.2702  15.1935   5.4786  -1.1991 -13.9420  -1.7808  -6.7977 -10.2278 -15.7911 -11.6243  -3.5466  -0.0928  -2.0853 -18.6038 -16.0995  -6.4261   1.2958  15.2095   3.9316   2.2303  10.0065  16.3181  14.8423   3.6026   1.4375  11.5673  14.9293  17.1529   9.4161  -2.3341 -14.0013  -4.5470  -0.4568 -10.3086 -15.0748 -15.7327  -4.7775   2.0457  12.1384   1.5725   5.2290   9.5800  15.0900  14.1297   2.9946   1.4922  11.0277  15.5095  13.9420 
  2.4570   3.9057   0.8262   2.9809   3.1783  12.9550  12.3969   3.0289   1.1877   8.6848   0.2849   3.6614   5.0148  12.1836   6.7598   0.2796  -0.0773   0.6231  16.1550  11.5714   2.7588  -1.7770  11.2265   0.4761   1.2030   5.3443  13.2039  12.3027  -0.1748  -0.7618   8.6364  12.9611  14.8062   2.1715  -0.4525   9.4420   0.3494   0.8184   5.2768  10.8536  11.7145   1.5381  -0.1762   6.6234  -0.1912   0.8547   4.9918  12.9960   9.6545   1.2562   2.8244   7.0752  12.5224   8.8325 

  8.2439  11.0584   0.9403   5.3416   6.6349  12.9071  14.3804   3.7657   0.0564  -0.6272  -3.8222   0.2751   4.6715  -0.6238 -16.4749  -6.1543   0.6230  11.3380   0.4949   4.9759   9.6627  15.6035  11.0937   2.1684   5.2678   8.7933  14.9715  14.2671   3.9138   1.5543   9.6083  15.1140  15.6807   6.4278  -2.7471 -12.5500  -2.2165  -1.9981 -11.4612 -14.4759 -14.4322  -5.0647   2.0838  12.9465   2.9234   2.0006  13.5114  16.7359  14.4866   3.4527   1.3511  11.2510  12.2202  13.8251 
  2.8041   5.3090   0.9984   1.5074   1.9403   8.8988  12.1055   0.5249  -0.3944  -1.1781   1.6459   0.2544   1.1553  -0.3514  13.2380   0.8652  -1.5709   5.4262  -1.2141   0.4725   3.7059  13.8164   6.0385   1.5776   2.7206   4.3410  10.5367   8.6063   0.8868   0.2966   6.2484  10.6103  12.8772   3.2570   0.1430   8.0545   2.2725   0.3938   7.0169  10.8637   9.9469   1.5277   1.5907   9.0183   1.6351   0.8925  10.5325  15.0080  10.3704   0.9627   0.1020   6.7139   7.9970  10.8049 

  8.5899   9.6735   2.4269   2.0549  14.6783  16.6300  14.0371   5.6179   0.6298  10.3193  15.8234  14.0139   8.4328  -0.8357 -15.7737  -4.4213   0.5020  11.6736  -0.4361 -13.5156  -5.9329   0.2769   8.8832  -1.1324 -19.8349  -8.9047  -1.3220  -7.2939 -12.5478 -17.1506 -11.9035  -0.4998  -4.2955  -8.4858 -14.7045 -12.2519  -3.4649  -1.6754 -14.1902 -14.2280 -14.0821  -4.0208  -0.1317  -0.1902 -11.9328 -14.7060  -8.1252   1.8323  15.3017   5.3143  -1.5597 -12.5872  -2.4178  -3.3206 
  1.8885   4.4773  -0.1763   0.1440  10.6400  12.8917   9.3061   0.7858   1.2642   2.7341  13.2834  10.3963   2.4676  -0.4352  12.1734   0.9803  -1.2218   5.8777   0.5751   8.9014   1.9247   0.3222   3.6161  -0.5267  21.4139   3.6961  -1.4856   3.4908   8.0264  15.9948   7.3740   1.3331   0.8213   4.0505  10.4622   7.3780  -0.9145  -1.0122  10.5176   8.9641  10.0923   1.1799   0.7711  -0.4326   8.3076  10.2503   3.3724   0.7061  11.1953   1.6524   0.1231   8.3446   0.1550   0.3337 

  8.4395   9.2744   0.7786   3.6117   7.9081  16.4160  14.7590   5.6297   0.7090  11.8988  15.5244  15.2784   6.9368  -2.0879 -14.6673  -3.7133  -0.2984  -9.3298 -15.3428 -15.7927  -8.2892   0.6250  13.2385   2.9401  -0.0465   0.1635  11.6179  11.5424   4.6341   0.6060   9.6862  15.7010  16.5792   8.0984   0.4438   7.6850  13.2142  16.4109  10.8428  -0.0286  -4.6295  -4.3871   0.2575   9.6572   1.2556   6.4803   8.6391  15.1317  13.3516   3.0052   3.0466   8.0486  14.5215  14.3336 
  3.4030   3.6320   1.2766   0.1737   3.6382  12.1458  12.3168   0.4789   0.2164   9.1725  11.3121  13.1070   3.5569   1.5892  11.9330   2.3869  -0.6866   4.1448  12.7162  12.6288   2.4410   1.3197   8.7018   0.4818   0.4788   1.1433   6.7373   6.9398   1.0612   0.1114   4.4784  13.3853  13.3576   3.1527  -1.1991   3.8436   8.0517  15.0756   5.3905  -2.1482   3.0343   1.7259   2.3548   4.8225   0.1365   2.7990   3.7343  11.3906  10.5308   1.1795  -0.6473   4.4742   9.4776  11.1759 

  8.8407  10.4579   2.5079   1.9538  12.5277  15.0080  14.0240   5.4842  -1.2033 -15.4956  -3.0784  -3.4784 -10.9328 -16.7930 -14.1219  -2.8897  -0.6832 -11.1918 -16.8898 -15.7570  -6.3654   0.4061  13.0034   1.9513   5.6634   9.9685  15.1801  14.3387   4.3029   1.0863  11.3103  15.9022  14.5300   7.3450  -0.0650  -4.9312  -0.9839  -6.9100  -7.8999 -14.3567 -15.8287  -7.2433   0.5451  10.9949   3.2929   1.8154  11.7329  13.6456  12.3848   2.9481   1.0765  12.4387  15.1950  12.8053 
  3.5104   5.8801   1.7687  -0.3062   7.9007  11.4574   8.3970   2.1303   0.5645  12.3722   0.7198   0.2687   5.3959  14.5029   9.5435   1.3119  -0.7285   5.7872  13.5946  12.8179   0.0706  -0.7002   9.0844  -0.4114   0.2094   4.8159  10.7260   9.6014   0.6080  -1.7359   6.5999  12.6297   9.8756   2.7335   1.1703   0.4426   0.3031   2.8206   3.0702  10.1899  13.3793   2.9357   0.1413   5.8005   0.6936   0.5074   9.1006   9.5564   8.5419   1.4365   1.1736   6.7036  11.8822   8.6014 

  7.5381   8.5110   1.3214   5.4269   7.7157  14.5239  14.6355   4.9826  -1.0167 -13.7828  -0.3893  -3.3085  -9.9717 -16.7072 -14.1160  -3.3529  -2.1631 -10.4172 -15.0388 -14.5740  -4.5501   1.5287  14.7183   2.0511   3.4274   8.3570  15.6727  13.7406   4.0804   0.0153  -1.0959  -5.4510   0.6216  10.3494  -1.1290 -17.6888  -5.1306  -0.7502 -12.0819 -14.2034 -15.4076  -6.0964   0.9030  16.0630   2.2282   4.3583   9.5037  17.3782  14.6116   3.0885  -0.5265  -7.7871   0.5561  16.3747 
  2.9286   3.0181   0.3993   2.0124   1.8955  10.1540  11.8681   0.8824  -0.1608   8.2174  -0.2572   2.2211   5.4489  14.5119   9.9929   1.5728  -0.8426   4.6234   9.5449   8.8233   0.0589  -0.3587   9.4832   1.1394   0.8351   3.4806  13.2189   8.6526   0.8340  -1.2823   1.5238   3.7304   0.4091   4.6716   0.5774  14.9214   1.4338  -0.9537   6.9855  10.6200  10.9695   1.4509   0.9949  12.9533   0.1466   1.5835   4.9253  15.3288  11.1043  -0.0144   0.6035   2.0158   0.4405  11.8124 

  9.0503  10.8180   1.1386   4.7740   8.3839  15.4668  14.4238   5.2689  -1.0705 -14.9473  -3.5565   0.0481  -1.4033 -20.3861 -13.3246  -3.4107  -0.7573 -10.0674 -14.7323 -14.9964  -6.4196   0.8675  15.5625   1.2123   5.3793   8.8535  15.8521  13.7815   1.5178   5.4597   5.9701  15.1831  15.9534   6.7190  -0.2565 -10.7197  -1.2244  -5.5623  -5.9092 -13.5303 -14.2616  -4.3125   1.5909  14.1922   2.3266   3.6124  10.7996  14.2966  12.9953   3.5076   1.8666  10.4266  14.1839  13.3701 
  5.4972   7.2209  -0.6374   0.7893   3.2840  11.9985  10.5165   2.9626  -0.7215  12.2176   1.2415  -0.6709  -0.9879  23.3577   8.5337   1.7014  -1.8300   5.0308  10.6887  11.9159   2.3861   0.4989  10.6700  -0.6858   1.9973   2.5749  13.3108   8.7516   0.0759   1.1479   3.7613   9.9437  12.6546   2.1704   0.1286   7.5994   0.6695   1.8566   1.7604   9.7047  10.9505   0.4207   0.1528  10.2079  -0.7222   0.6868   5.5873   9.9839   9.8848   1.0028   0.4242   5.6263  10.9569  10.1429 

  7.8484  11.0905   1.0512   4.3791   7.8162  15.8488  16.2977   5.5605  -1.0398 -14.2264  -1.9105  -4.3113  -9.4951 -15.1167 -12.5824  -0.8690  -5.1502  -7.5360 -15.2292 -16.9801  -6.8288   0.5539  12.8123   1.3791   6.7484   8.9885  15.7149  12.6207   3.5977  -0.5820 -11.9768  -3.2629  -2.4619 -15.1162 -19.1865 -13.6666  -1.1097  -5.8985  -8.4790 -14.7012 -15.0352  -5.3506   1.8444  11.9860   1.2541   5.2675   8.1209  13.1635  12.7886   3.6521   0.0204   0.2647  13.2275  13.1495 
  3.1896   6.5923  -0.6617   0.2777   2.3418  12.8463  13.3718   2.2988   0.9381   9.9464   1.6157  -2.0865   2.7152  10.5127   8.0804  -0.8406   0.4850   1.3358  10.9577  15.3001   2.9428  -0.0763   6.7247  -0.1917   1.2352   2.6917  11.5601   8.1838   1.2989  -0.6668   7.2584   0.2952   0.5366  10.7760  18.7231   7.6000  -0.5447   1.5493   3.4998  11.1642  11.8681   3.2091  -0.7051   7.2338   0.7515   2.6616   0.5474   8.0252   7.2787  -0.4164  -0.8800   1.1851   8.2780   7.4777 

  9.8481  10.2388   1.3853   5.2293   7.9579  14.2195  12.5399   3.7304   0.3031   3.6962  14.0454  14.6901   6.8875   0.1974  -0.0478   4.3107  16.7304  10.5457   1.6731   5.7447  11.6761  17.0748  11.6372   1.3198   5.6727   9.1099  15.8675  11.6784   2.6976   2.3028   9.3915  14.8253  14.7491   7.0096  -1.6053 -14.0904  -2.9993  -1.5052 -12.7256 -16.8375 -15.7307  -6.2652  -1.0692  -9.2536 -13.6427 -14.4571  -8.1502   1.6309  16.2277   3.6266   0.3787   8.1883  13.3092  13.7083 
  3.5274   4.8419  -1.0919   0.3579   4.3566  10.4339   8.2673  -1.0404   1.4755  -0.3975   8.2753  10.8384   3.2998   1.4934  -1.6606   1.6366  13.7568   4.8143  -0.5823   1.0879   6.7033  14.3687   7.9456  -0.8164   2.3682   3.7325  11.7807   6.0557   0.1788   0.4098   5.5997  12.7904  10.6399   3.8995  -0.2991   9.9569   0.7322  -0.6617   7.9558  14.5477  14.0499   1.0103  -0.8141   3.4400   7.7486  10.2756   2.6184   0.1953  13.0056  -0.3448  -0.7630   3.0113   8.6160  10.4728 

  8.7281  10.6087   0.8870   5.4241   7.8883  13.7764  12.5039   5.5708  -1.4286 -14.3861  -2.6078  -3.0151 -11.3235 -15.0730 -12.4691  -1.5524  -4.5808  -5.9832 -14.2616 -14.5901  -4.3065  -0.5620  -7.6712 -14.3383 -15.8685  -8.2020   2.8241  12.4860   3.4762  -1.0459 -13.7485  -0.4558  -4.0522 -10.9385 -16.2061 -11.5777  -1.2228  -4.1472  -8.5362 -14.7944 -14.4902  -4.2742   0.2808   9.0049   1.4029   6.5318   8.8123  14.0860  11.3446   3.6211  -0.1697  -5.0823  -1.9644  -5.4268 
  3.6310   4.5066   0.4908   1.6626   3.9274   9.1135   6.3177   1.9434  -0.0844  10.1573   0.5169   0.7793   7.3959  10.5384   6.0032  -0.3176   1.4435   0.9354   9.4693  10.2917   2.5915  -0.1814   3.1688   9.8979  11.4080   4.2729   0.7248   9.7985   0.3038  -1.1881  10.5137   1.4287   0.1977   5.7534  14.3798   7.0574  -0.5622   0.3857   4.4351  10.8585  10.0186   2.5106  -0.4077   4.9977  -0.3771   4.2805   4.5349   9.9138   6.3369   0.0419   1.0845  -0.0728  -1.0673   1.5588 

  6.8638   9.8397   1.1692   5.6962   9.0458  13.9666  14.0491   5.0927  -1.1694 -14.3153  -1.5470  -4.7871  -8.8241 -14.4968 -13.1501  -4.2685  -0.2315  -4.4136 -14.6643 -14.3145  -6.4893   0.7948  14.0498   2.5646   2.3478  12.9663  16.8019  15.7308   4.8225  -0.9419 -13.8542  -2.1541  -5.7514  -9.7943 -16.9167 -14.5067  -2.3159  -2.7121 -10.1862 -15.4015 -14.3120  -4.9486   1.8868  11.5255   0.1518  -4.6229  -5.7027   0.2441   7.8016   1.8040   3.3055   7.1409  13.3558  14.3988 
  2.2566   3.5273   0.1108   1.3230   3.9998  12.1240  10.6169   1.5098  -0.3296  10.2581  -1.2379   0.6609   4.2769  10.8683   9.2241   1.6972   0.1660   1.2978  11.5521  10.9169   0.6093   0.2035   9.6559  -0.4874   1.5014   8.0990  13.7856  11.6767   0.6362  -1.3261   9.4902   0.0961   1.4508   4.8896  14.6242   9.0169  -0.2518   3.1632   5.0440  13.3058  10.0325  -0.4723   0.3186   7.0549  -1.5373  -0.3653   1.5887  -0.6074   3.2598   0.2058  -0.4439   2.5647   9.4042  10.9838 

 10.0308  10.6288   1.3170   5.8109   8.2804  13.3420  13.2425   5.8368   0.3020   5.2777  13.0699  15.3289   6.3083  -1.3263 -16.0367  -3.1682  -1.9657  -9.7271 -16.8264 -15.9734  -6.5275   0.1678   5.2549   1.4859   6.0585  10.4664  13.6148  13.0361   3.8811  -0.3356  -8.4360   0.7615  18.2674   8.0468   0.5094   7.1219  13.9721  17.7704   9.3470  -1.3694 -17.3024  -5.8825   1.0612  15.1305   1.1768   5.6714   8.9725  15.4527  15.0670   3.5252   1.8273   9.3557  13.2122  13.9306 
  5.8871   6.4784   0.8090   2.3017   2.8048   7.7168   9.8824   1.8893   0.6295   1.5802   8.2956   8.9005   1.7729  -1.1703  13.8759   1.4992  -0.0385   5.5280  15.0378  11.1997   2.5583   0.0030   1.6145  -0.5213   2.9057   4.9036   8.4900   7.6631   1.4985   0.2290   2.6470   0.2014  18.0538   3.4361   1.5370   1.9231  10.4831  16.4283   4.5249   0.6161  16.1793   3.7213   0.8799  11.4700   0.5727   2.9150   3.2982  12.2413  11.4965   0.0771  -0.7365   3.9084   8.8786  10.5633 

  6.5875   9.4052   0.3321   1.9769  11.0112  15.5919  16.6561   6.3042   0.1682   1.5548  21.3013  17.5386   9.3800  -0.9868 -16.5983  -3.4060  -0.4130  -8.2752 -14.2851 -14.7670  -5.4581   0.2531  10.0241  -0.2643 -12.5046  -8.3235  -0.3285  -3.5102 -14.3563 -15.8923  -9.1006  -0.0144   4.1103   4.0262  -1.8088 -14.0176  -3.6312  -1.6748 -12.3983 -13.9309 -14.1809  -5.4544  -2.6674  -7.6137 -10.5165 -13.7220  -6.6503   1.0054  17.5751   4.8938   0.2036   4.6607  15.5585  14.1234 
  3.7331   3.8321   0.0179   0.3962   5.6273  10.2695  14.0832   2.4621  -0.1697  -0.1704  21.5822  17.3284   5.7918   0.3638  12.9983   1.8483   0.1574   4.3436  10.3592  11.2530   1.3545  -1.3406   3.4296  -0.6108   7.2372   3.0901  -0.4411   1.3191   9.4752  12.7635   4.1666   0.2712   0.9937   0.8072   1.1008   8.5568   1.6983   0.4464   8.3640   9.6329  11.0837   0.5961   0.0715   2.3916   6.1017   9.1173   3.1049  -0.7321  13.6479   2.6799  -0.2579  -0.2765  11.9001  11.0982 

  7.9284   7.6391   1.4463   6.6443   7.6327  15.0582  13.7676   3.7725   2.3243  10.0609  14.2497  14.8463   7.4630  -0.9648 -17.4904  -5.2888   1.1828  14.1784  -1.0482 -20.3608  -9.8905  -0.1987  -1.0909 -19.3896 -18.5577  -9.5003   0.4480  13.5118   3.9623   3.3301   9.1091  16.5832  16.1890   7.6131  -1.2901 -15.6625  -2.9537  -1.7036 -11.7738 -15.1086 -15.4865  -6.6518  -1.4716 -10.1412 -14.4943 -15.8940  -6.0992   0.3253  11.2247   2.6018   1.7380  10.5994  14.2400  15.7973 
  4.3647   3.6913  -0.9831   1.3334   3.8082  12.5004  10.1018   1.4816   0.8228   2.7640   9.4993  11.7796   1.2194   0.3793  14.7203   1.6076  -0.3069   9.2819   0.5005  21.5442   4.8685  -0.9080  -0.3305  20.0419  18.0587   4.6793   0.7908   8.9797   0.0336   1.2794   5.1967  14.5073  12.4515   3.1076  -0.8454  11.4588   0.9931  -0.7416   7.1460  12.0882  12.5992   2.2605   1.7868   7.8132  10.3538  12.8280   1.5186  -0.6764   7.5367   0.8122  -0.0595   4.9697  10.1483  12.8950 

  7.9069  10.2783   2.4431   3.3506   9.6552  13.9711  11.9046   4.2539   0.8924  12.6937  13.9843  16.9116   6.7678  -0.5281 -12.0181  -1.7274  -3.3021  -9.0422 -15.5409 -13.7504  -2.5218  -2.0226  -7.3541 -12.5972 -14.3479  -7.6765  -0.7197  -8.1137 -11.4894 -15.7059 -10.5100  -2.8312  -1.6270 -15.4867 -17.4011 -12.9294  -2.5563  -3.5607  -8.8239 -14.9536 -14.0677  -5.8946   1.3094  13.4174   1.4175   6.5080   8.2417  14.2214  12.6363   2.1696   2.6253   9.8725  15.1328  11.6010 
  3.9428   4.6695   0.5214   1.1238   5.0864  11.1617   6.3883   1.1307   0.1728   8.7750   8.1075  13.6335   2.5597   0.1427   6.6223  -0.3420   0.0116   5.2945  11.7309  10.3936  -0.5277   1.6259   1.3653   8.0920   7.3708   2.9225   0.9455   3.9219   6.8571  12.2030   6.5754  -0.1006  -0.0241  12.4640  17.2475   9.8250   1.0101  -1.0884   4.6441  11.0708   8.2844   1.0735  -0.0628   9.2546   0.8630   2.6340   1.5365  11.0002   7.8366   1.0630   1.2194   5.2123  10.5045   6.3262 

  7.8305   8.1062   2.8303   1.3323  15.0576  17.6824  15.4380   4.8661  -1.4347 -15.6636  -4.5479  -0.3273 -10.4943 -13.9150 -11.3010  -2.8531  -0.6001 -12.7695 -15.6656 -15.3050  -5.0536   1.6452  13.6015   2.7175   4.4400  10.5971  16.9282  14.2381   3.6512  -1.3467 -13.2681  -3.7242  -1.3058 -14.6137 -16.2369 -12.1652  -1.3944  -5.3910  -7.4128 -13.9627 -12.9641  -5.0190   0.9930  15.8609   2.2248   3.1264   9.9841  14.2632  13.2503   3.7215  -0.1285  -2.9633  -1.2736  -7.4224 
  2.9182   1.6966   0.7635   0.1873  10.6734  14.4333  10.5262   1.1039   0.4005  10.9932   0.9685  -0.9414   3.7520  10.2603   6.4737   0.1295   0.4314   7.0742  11.8125  10.6450   1.8172   0.8145   8.9529  -0.9614   1.4677   5.4200  16.2117   9.3846   0.3018   0.3644   8.2827   1.0538   1.6591   9.0545  14.0135   7.3673   1.4117   0.8605   3.6953   9.9495   8.0264   1.4674   0.1460  12.2451   0.0146   1.8930   4.5595  11.3888   9.5368   2.3915  -2.2052  -0.4986   0.4723   1.8092 

  7.4302   8.2138   0.2776  -1.1595 -10.9372   1.1497  18.0076   7.4004  -0.2237  -6.4494   1.7645  20.8771   9.1042  -0.5979 -12.5674  -3.9598   0.0219   1.0147   5.5553   2.0707  12.9513  15.4775  12.2999  -0.0078  -7.4664  -4.7626   0.5809  15.9727   5.0549  -0.5345 -11.5666  -1.0751  -8.7071  -9.1496 -17.3732 -15.1964  -4.5911   0.8077  13.1781   1.0176   8.3069  10.2170  17.3002  11.7870   1.6726   5.5048   8.9324  16.6639  13.2044   3.7743   1.1725  11.5613  15.7797  14.6842 
  3.6616   3.2610  -1.8129   1.5045   7.5280  -2.0353  17.7922   3.3747   1.2967   1.5537   0.3675  23.6481   4.1860   0.4018   9.2669   1.4879   1.7263  -0.0219   3.1571   1.2051   6.8855  12.1710   7.2820   0.6516   2.5661   1.1806   1.5987  11.5777   0.0173  -1.1682   7.5230   1.0139   3.9310   4.3872  14.9515  11.7614  -0.8602   1.0658   8.8339  -1.6178   4.2987   4.7414  15.9593   6.1209  -0.2085   0.7082   4.9026  14.2481   8.5538   1.3168  -1.3792   6.6284  13.4610  11.1766 

  7.3794   9.0984   2.3485   2.7913   9.8121  13.2562  14.1531   5.2707   0.4405   6.6522  12.1330  15.0740   7.4525  -0.5021 -14.1949  -3.5719  -1.4850 -11.2221 -15.5990 -14.6611  -5.6543   0.2091   8.4984  -0.2693 -16.2192  -9.2276   1.0409  17.8959   4.1634  -1.4262 -12.6627  -1.2021  -6.4466  -9.4035 -16.1730 -12.9639  -3.6550  -1.8782 -12.7553 -16.8759 -14.5166  -3.9657   0.9480  16.1058   2.4799   3.7604   9.9246  15.9421  11.7795   2.5350   1.3466  11.0512  14.6044  15.3410 
  3.1921   5.1501  -0.6443  -0.1223   3.3399   8.8783   9.2888   0.9525   1.4876   1.7191   8.3559  11.4257   2.8959   0.2669  11.2303   1.2366   1.7977   6.4607  11.5212  10.8825   1.3241  -0.4194   2.9677   0.5308  10.9897   4.0708  -1.0591  17.3586   0.9084   1.5774   8.2532   0.9084   1.3573   5.1456  13.8341   8.0254   1.3389   0.7045   6.3007  15.4388  11.7408   1.6677   1.6029  12.1536  -0.2113   1.3403   4.5023  13.2867   7.6662   3.0007  -0.6448   7.1643  10.7635  11.2486 

  8.5928   9.6104   1.2969   6.7513   7.7063  14.6000  14.5624   3.9816   0.3718   7.1560  13.6437  14.1465   7.9989  -0.9401 -17.6555  -4.7162   2.5017   9.7877   0.5623   3.7892  11.8396  14.7206  11.5731   0.9727   3.5826   8.6620  14.5351  14.1662   5.3141  -0.9763 -13.6187  -0.1083   2.8540   6.3496  -0.3055 -10.3900  -1.8386  -5.0562  -8.4129 -14.2443 -13.6042  -5.5839   2.7960   9.9964   2.1899   4.8230   8.7691  14.5675  12.6179   3.0865  -0.1663  -4.5710   0.0717   7.7428 
  4.6413   4.0757   0.1040   1.6483   2.6890  10.6422   9.9303   2.8905  -0.4785   4.3939   8.3485   8.4248   2.4277   1.0167  14.9927   0.7357   0.0473   4.1062  -1.4643   0.9495   9.2005  11.8233   7.6167   0.6039   1.8636   4.2971  11.2741   9.3130   1.2604  -0.2024   9.5502   0.5138   0.6144   2.3223  -0.8398   5.4896   0.8743   0.7532   4.4604  11.2784   8.4629  -0.8689   0.3967   5.2802  -0.0992   2.2833   3.3753  11.7375   7.6871   0.4658   0.2769   0.1140   0.9382   2.9094 

  7.7325  10.8498   1.7020   5.1556   7.2309  14.2318  12.5879   4.6036  -1.4047 -13.4961  -1.4704  -4.5462  -8.0990 -14.8342 -13.6031  -4.2830  -1.9691 -11.5971 -16.2404 -13.7497  -3.9778   0.7247  14.7626   2.8034   0.8942  13.5357  15.3454  11.8453   5.1779  -0.1462  -4.6286  -1.0561  -8.0543  -8.6198 -15.3253 -12.1050  -2.0035  -3.4248  -9.9627 -15.9037 -15.9967  -5.0576   0.6547  15.1539   2.3738   2.6818  12.2771  14.8962  14.2004   2.3760   3.1670   8.7349  14.4432  13.4492 
  3.8781   6.3690  -0.3536   0.4972   2.1060   9.6937   5.4673   0.0750   1.2447   8.9531   1.2183   0.8734   1.7702  11.9034   8.4114   2.2225   0.5343   6.9564  13.2175   7.4315   1.4352   0.6924  11.3781  -0.5981  -0.9065   8.2105  12.3485   6.9493   1.4767   1.7169   1.5547   1.5956   2.5312   4.2864  12.9044   8.5752   1.2764   0.4369   5.2946  14.8314  12.3244   1.3474   0.9726  13.5718   0.3351   0.3459   7.1282  11.8792  10.9689  -0.9377  -0.0595   3.7248   9.3861   8.1123 

  7.7577   9.0123   1.9516   5.4284   7.5570  14.9915  13.6067   1.8619   4.8803   6.9110  14.1525  13.6847   7.2302  -0.8780 -20.2512  -7.0978   0.6703  12.8798   1.7224   4.8004  11.2361  17.0385  11.3343   2.1103   3.2075  10.0044  14.6576  11.7076   3.1153   1.3378   9.8830  14.3375  14.0178   6.0895   0.6007   7.6486  13.4866  16.6788   8.4910   0.6782   6.3028   9.9812  15.8086  11.2265   0.8621   6.2070  10.4694  15.9520  14.3013   3.5711   1.6370  11.7522  15.4231  15.5551 
  2.5054   4.2974  -0.1531   2.3293   3.6917  12.8488   7.3455   0.7558   1.0626   2.8526  10.1296   8.4218   2.0211   0.6318  20.2815   2.9570  -1.0021   9.5796  -0.5302  -0.9843   5.8463  15.3278   6.7990   1.4478   1.3137   2.9218  11.1121   5.2585   0.7948  -1.1341   3.4641   9.6949  11.7197   1.8368   0.0857   3.7096   9.5821  13.3115   4.7836   1.2022   1.5568   4.4468  11.5489   5.4483  -0.1950   2.3490   5.1066  11.4265  10.8150   0.7065   1.1978   8.0873  11.3245  12.7750 

  9.1046   9.9639   1.7601   3.5634   9.6873  16.8990  16.3358   5.3342  -0.7105 -14.6338  -1.6923  -4.3652  -8.6232 -15.7733 -14.1147  -4.3916   0.3169   7.6950  -0.5981 -14.5790  -8.0046  -0.9167 -11.0423 -14.5347 -16.1960  -7.3757  -1.1914  -9.5298 -13.1824 -17.2700 -11.4924  -0.1638   2.4236   7.7451  -0.9195 -16.0617  -3.9491  -2.8216  -8.3042 -15.9288 -16.3901  -4.7179   0.8994  15.1191   1.9126   4.2445   9.4051  13.7968  12.8543   3.5746  -1.6169 -12.3653  -1.6525  -4.5566 
  5.6549   5.0194  -0.6508   1.5899   4.5126  14.5387  13.0594   3.5269  -0.4114  10.5756  -0.3559   0.3480   4.0880  10.2620  11.3101   0.7909   0.4633   3.0679   0.4219  10.0577   3.3945  -0.6962   5.2769   9.1210  12.7933   2.7977   0.2507   4.6903   8.2694  14.5656   8.4415   1.4057   1.1641   1.3126   0.5526  11.7815   0.5350  -0.9732   2.6708  11.5389  12.0078   1.5084   0.4704  11.3304   0.5205   2.1638   3.4371   8.5782   8.3468   1.1337  -0.8796   7.9654   0.6129   1.5090 

  9.0440  10.3063   3.8781   3.1991   9.7770  15.2230  13.9620   5.2908  -0.5944 -13.0332  -0.9330  -4.9955 -10.7818 -15.5791 -12.6840  -1.9236  -4.3519  -7.7696 -14.6229 -16.1805  -6.7263   1.0711  13.0372   0.1376  -4.3320  -7.0855   0.9925  18.3596   6.6539   0.3699   7.0622  14.7866  14.6821   6.9346  -1.0615 -16.5970  -3.1762  -0.6342 -12.4966 -18.4867 -16.3831  -6.8074   1.2748  13.2429   2.0226   3.8296   9.1521  14.9441  11.5393   3.8062   0.0831   1.1921  20.5105  18.6622 
  5.5205   4.6281   0.8049   1.2694   5.0545  11.7759   9.8185   0.4920  -0.5750   8.4904   0.4632   1.6665   4.1539  11.9707   7.2507  -0.2500   0.6584   3.1171   9.6422  12.3510   1.9446   0.8415   8.5722  -0.6656   1.3890   3.9961  -0.0788  17.1168   2.6100  -0.6250   0.6905  11.4116   9.7602   1.6632  -0.3977  12.9228   0.1582   0.5751   7.0959  18.2706  13.3029   0.4788   0.1076   8.7933  -0.5995   1.7794   4.4164  12.1008   6.0097   0.4292   0.1309  -0.5753  20.4688  17.5163 

  7.6935   9.2408   3.3347   2.6475  10.5138  14.9949  14.2515   3.1703   0.3443   6.7543  13.7497  15.1237   7.6919  -1.6775 -15.9537  -4.3631   0.0437   0.4279   1.1419   6.9155  11.2205  15.9408  12.5663   1.1978   5.5422   9.3818  14.6344  13.1277   3.3108   1.1649  10.6497  13.9871  13.7654   6.2302   0.6238   9.4391  13.6513  15.9630  10.0887  -1.7294 -15.6452  -4.8040   0.6388  14.2848   2.7454   3.7202  11.2382  16.4507  13.2425   3.9104  -1.3866 -13.1042  -1.5024  -6.1316 
  2.6476   3.1271   0.3933   0.3861   5.6062  10.0505   9.9184   1.3833   0.7914   4.6753  11.2353  12.2077   2.5528   0.7574  12.5811   1.7849   0.3804   0.2666  -0.1702   2.3637   6.7133  12.6876   8.4378   1.3913  -0.2397   6.2149  10.5205   9.3563   0.2527   0.1016   4.2565  10.4148  10.4359   2.5646   0.9591   4.1055   9.5197  14.1339   3.6550  -1.4098  11.9819  -0.5891  -1.7741  10.9109   0.8114   1.5892   7.1146  12.5133  10.0713   1.6165  -0.8795   8.4954  -1.1129   3.0435 

  8.9297   9.6950   2.1723   3.7045  10.3598  15.4539  15.0708   5.3522  -1.0087 -14.2024  -2.8168  -1.7407 -13.1407 -15.2197 -13.2943  -3.9239  -0.4782  -7.7302 -13.1878 -13.8113  -6.9714  -0.5906  -9.8291 -12.0659 -14.3904  -8.2872   1.5126  17.6269   4.7325   0.9596  11.7686  13.2738  14.4357   7.6121  -1.8375 -13.3386  -2.7059  -0.9153 -12.6365 -15.0941 -14.7566  -7.5497  -0.6469  -9.3757 -14.7097 -14.5254  -6.2763   0.0516   5.2889   0.5640   2.6416  10.4164  15.1110  15.7904 
  4.1228   2.1867   0.0239  -0.3462   5.4710  11.6404  12.1089   1.7742   1.5359  10.0238   1.3987  -0.8069   8.5980  12.9394   7.4227   0.2582   0.9437   3.2570   8.8445   9.1676   1.2634   0.5581   5.5666   6.2938  11.4638   3.2742   0.4832  17.4943   0.4818   1.3625   7.6119  10.1327  10.4199   3.1332   1.6071   7.2816   0.4912  -1.0932  10.0738  11.2883   9.7972   2.0047  -0.7252   2.7909  11.6662   8.7922   2.0204   0.4972   2.1909   0.4905   1.4157   6.1427  12.7853  14.2284 

  8.1886  10.7897   1.7753   5.9063   7.6720  15.1897  14.1659   4.1709   1.0488   9.9709  12.7341  15.4530   5.4790   0.5623   7.3117  11.8776  14.1152   7.2255  -0.7375 -15.7052  -6.6700   3.4580  11.0652   0.8482   6.5439   7.5617  14.9357  11.5578   4.2070  -0.4900 -11.7246  -2.0030  -5.2777  -9.4697 -15.3092 -12.4040  -0.9150  -6.3326  -7.9852 -14.5574 -13.4659  -5.0296  -0.5746 -10.4241 -14.0424 -14.7972  -6.7880  -0.1169   1.8910   7.6240   0.2838   7.7987  13.2961  13.7863 
  3.2690   5.8808   0.1816   2.6934   3.0620  12.2708   9.8536  -0.1419  -0.3212   3.7672   9.4375  11.1066   0.6102  -1.1688   1.8393   7.0099  10.6758   4.7024  -1.9947  12.7916   1.0655  -1.2250   5.6111  -0.4158   1.9351   3.3692   9.8799   7.2198   1.1672   0.2921   7.4346  -0.7642   2.5177   2.6737  10.1366   8.0829   2.0389   0.8710   5.8108  12.0943   8.8904   0.7231   1.3382   6.4575   8.9790  11.0980   2.3029   1.5849  -0.0868   3.4670  -1.2979   2.8880   7.0823  10.3716 

  9.1906  10.1773   1.9152   2.9229   8.8965  16.1928  14.1259   5.6507  -1.7584 -12.6719  -2.9414  -4.5691  -9.9331 -15.1283 -14.6195  -4.3846  -0.4860 -11.0298 -14.7644 -16.2143  -6.6913   0.0455   3.3177   0.9111   6.3279   8.8289  14.8550  13.5326   3.1280   1.8548  10.6573  14.8760  14.8178   6.4841   0.2109   1.0155  17.9337  16.5673   9.0612  -0.9177 -18.2112  -8.6340   1.4993  13.3770   0.9874   6.8446  10.3727  16.4095  11.4532   3.2102   0.4762   9.6789  15.0375  15.3439 
  5.6416   6.9528   0.1054   0.5090   4.2941  12.5247   9.5874   1.6201  -0.2157   8.0244   0.5640   0.5572   4.6347  11.6429   9.8602   0.8567  -0.1035   6.3824  12.0159  13.2550   2.5829  -0.6478  -0.2640  -0.6751   1.7164   4.8152  10.9068   7.2894  -0.4148   0.1636   4.4537  10.6867   9.5033   3.7015   0.7742  -0.6854  18.1836  12.8488   4.3285   1.9732  15.9860   3.9058  -0.2601   8.3582   0.2708   1.0864   4.6022  12.2859   8.2563   1.2378   0.4516   5.0221  10.5962  11.3097 

  7.0590  10.7782   1.4570   6.2936   7.7098  14.6276  14.6539   3.9573  -0.4524 -11.8643  -1.0569  -6.4845  -8.7341 -15.9263 -13.6516  -3.2699  -0.8817 -13.6117 -17.6376 -16.9844  -6.2591  -1.3721 -11.2186 -14.5731 -13.9826  -7.5682  -0.1736   1.5302   6.2969  -0.4019  -9.9328   0.2758  14.5064   5.5058  -0.7009 -15.2122  -3.2432  -0.0940  -2.6679 -16.5660 -14.0642  -6.4063   1.6531  12.5963   2.2209   5.1890   9.4188  15.3531  13.8059   3.4940   1.2244  12.9113  16.7706  16.0564 
  1.7810   4.7578  -1.8837   2.2339   2.1187  10.6659  10.2941   1.8899  -1.4311   5.8325   0.0286   0.6682   5.9685  13.0609  11.0151   1.0166   0.7791   9.3490  14.8983  14.4853   1.5292  -0.0228   6.5683   9.5771   9.1632   1.6902  -0.8798  -0.5097   0.7524   3.3203   4.1593  -0.5022  10.9791   1.7761  -0.6686  12.0589   2.5271   0.8828   0.8689  12.7722  12.2259   2.3780   0.5026   8.8650  -0.8016   1.2855   5.5112  12.0223   7.4611   0.4020  -0.0194   7.9370  16.4347  13.0596 

  7.3510   9.7168   2.7507   4.2103   8.3768  15.2464  12.4170   4.6631   0.0638   1.3736  20.9109  18.4148   8.5626  -1.5704 -14.5924  -5.0508  -0.7152 -11.4206 -14.1715 -12.6998  -2.8902  -1.7383 -10.2573 -13.6189 -14.7768  -8.1771  -0.8477  -8.1086 -14.1913 -16.3053 -11.4257  -2.1030  -4.5120  -9.1982 -14.9729 -11.8147  -4.1827  -0.0144  -0.4046 -15.6511 -13.4658  -6.2423   1.7433  14.6054   2.2936   3.9026  11.7898  14.3570  12.5619   1.5301   6.0242   7.8070  14.0590  14.7904 
  2.6861   4.3099   1.8132   0.7148   4.6755  11.4499   8.6725   0.1815   0.2511   2.0860  21.8980  16.1653   5.5784   1.0579   8.8496  -0.0441  -0.6384   5.1237   9.0932   6.5911   1.0553   1.0688   5.9457   8.2353  11.4092   3.7724   0.6885   2.3278   8.9546  13.0255   6.2972   0.5354   2.3488   4.6413  12.7498   6.5907   1.6937  -0.2922  -1.2690  11.9329   8.7283   3.5837  -0.0994  10.3129   0.0644   2.1990   6.4356  10.1175   8.9931   1.5740   3.8936   4.9909  12.0228  10.6854 

  7.7061  11.1637   2.5468   1.5685  11.7270  17.4886  15.3788   3.8587  -0.8626 -11.9778  -1.3458  -4.5753  -9.4644 -15.8740 -12.8750  -4.9913   0.5234  11.1256  -0.7370 -18.6842  -8.4718  -0.1819  -1.8772 -16.1953 -14.7512  -6.1580   0.5174  16.6175   4.4327  -0.8591 -13.5199  -0.8802  -6.8189 -10.5853 -15.3173 -12.5745  -3.5907  -0.6739 -13.8349 -17.4263 -15.9592  -6.9870  -0.7933  -9.2888 -13.9568 -14.9443  -8.5216   0.3688  12.0369   2.8377   1.3082  11.7963  14.7182  13.7790 
  2.2122   6.6768  -0.8577  -0.5526   7.5942  14.0181  12.7497   0.0629   0.2065   7.1782  -2.5462   0.7106   5.9694  11.8729   6.1630   3.2389   0.9441   7.0910  -0.2120  19.0194   2.5602  -1.3855   0.3213  14.1474   9.4392   2.6854  -1.5978  13.3583   0.1732   0.0947  10.4997  -1.1992   3.5516   5.2851  11.9479   7.6367   0.1870  -0.5277   9.6752  14.5989  12.9882   1.0671  -1.7369   4.6621   8.2191  11.8397   3.0658   1.4802   7.0518   0.7797   1.5832   8.6789  10.3025   9.4385 

  7.8252   8.9866  -0.0431  -9.4052  -6.2684   1.8478  15.8423   4.8866  -1.0140 -13.5620  -1.0892  -6.9522 -10.1694 -14.7010 -13.4893  -4.3461  -1.0324 -11.9521 -14.2628 -14.6573  -5.4718  -0.3462  -6.1275 -12.4922 -14.0879  -6.7884   0.7692  16.7034   5.9665  -1.3852 -13.8301  -2.6192  -4.6319 -10.8201 -15.5587 -10.6121  -2.4842  -1.9728 -13.8779 -15.3377 -14.5080  -5.2989   1.9648  14.9973   4.7928   2.0050  13.2011  16.5253  13.8013   3.7973   0.7779  12.7300  16.0030  16.6585 
  3.0568   2.5432   0.4010   2.2676   2.1810  -0.7737  14.7257   1.6854   0.0442   7.6783   1.0750   2.8736   4.0115  11.2789   9.2264   0.1617  -1.5302   8.6234  10.8415  12.4272   2.8424   2.0430   1.5277   4.9869  10.7510   2.2799   0.4169  11.6316   2.3656  -0.9713   9.0317   1.7939   0.3695   7.0161  12.3300   8.6006  -0.4378   0.4150   7.6227  10.6455  10.6502   1.7417   1.2678  11.1411   2.4185   1.0141   9.2366  13.6467  10.1723  -0.4744  -0.0195   7.1413  13.5729  14.2794 

  8.2371   9.4196   0.5528   5.2405   8.8443  14.3254  15.2696   4.9943  -1.0096 -14.0827  -3.4563  -2.2330 -14.0401 -16.8189 -12.6733  -3.5384  -2.2672 -11.0258 -15.3596 -14.2066  -5.8134   2.3822  12.3697   2.6939   3.7989   7.9615  14.6543  14.4465   4.4692  -0.5549 -10.8708  -1.9506  -5.3483 -10.3359 -14.9543 -13.1235  -2.1036  -4.0446  -8.4759 -15.5956 -15.6761  -4.9796   0.8028  13.9320   2.4352   4.8889   9.1870  16.3636  14.5477   3.6326   1.9581  10.2403  16.1481  14.2387 
  5.4718   4.0453   1.9695   1.0057   4.0068   8.2094   9.5184   2.1099   0.2485  11.1777   1.3980  -0.9276  10.1744  13.5628   9.1066  -1.2347  -1.5692   5.9342  12.5866   9.0287   1.6297   0.3299   7.9897  -0.0859   1.2774   4.2357   9.6669  11.1772   1.5697  -1.2072   6.4107  -0.5403   2.3243   4.4199  10.6114   8.4497  -0.3147   0.1329   4.4648  12.1955  11.7412   1.6108   2.6112   8.5451   0.0297   0.1533   5.3678  14.4850  10.6186   1.5784   0.2301   5.9154  13.1704  10.6564 

  6.9318  10.3780  -0.2615 -11.8743  -7.9511   0.4781  14.8398   4.7593  -1.5755 -13.3439  -0.9073  -6.7522  -8.9379 -14.6885 -12.3544  -4.0489  -1.7011 -11.5260 -15.6667 -14.9593  -5.9372   1.4351  15.4453   3.4002  -0.0767  -0.9501  -4.8214  -2.2182 -15.9162 -16.2013 -10.1940  -0.1761   0.7889  10.7261  -0.5633 -15.9867  -5.7214  -1.3464 -13.9599 -16.0082 -15.7540  -5.4763   1.2961  15.6310   4.2935   2.0086  11.9538  16.5458  13.7892   4.0818  -0.2904  -6.5848  -1.8696  -6.1441 
  3.2523   6.5970  -0.9092   7.1748   2.1869   1.6128  11.3241   0.4518  -0.0394   7.2433   0.4305   3.3660   2.6842  12.2772   6.8660   0.3320   0.0102   8.6400  10.3302  11.5827  -0.6444  -0.3490  11.5199  -1.5227   0.7228  -0.6406   2.2451   1.5357  13.2823  13.9352   5.2573   0.8491   2.4086   4.5654  -1.5548  13.8948   2.1021   1.0626   9.8336  11.8720  11.7509   1.2513  -1.7940  12.6353   1.0609  -0.2031   7.8991  12.4301   9.0729   2.1297  -0.7618   3.1059   1.0348   1.2840 

  8.5260  11.5207   3.1926   1.8296  12.4527  15.3359  13.9636   4.9698  -0.4468 -11.9829  -3.1707  -2.8138 -11.5321 -15.2609 -15.4847  -3.6767  -1.1764 -10.7444 -15.2515 -15.5865  -6.5840   2.4719  12.3830   3.3519   1.8067  13.8618  15.3831  12.5070   5.3289   0.9780  11.0710  13.0642  14.1246   6.9218   0.0635  -0.8713  -6.2744   1.3152  10.6594  -1.5734 -16.0737  -4.6187   0.4543  12.3342   2.1555   3.1426  11.3013  14.3149  13.8384   3.7627   0.8934  10.9512  14.7357  14.7135 
  3.0894   6.2911  -0.5872   0.4376   6.2497  11.3545   8.5341  -0.6229  -0.3446   6.3684   1.0476   1.1733   6.1927  11.7743  13.8596   1.9506  -0.2554   2.9680  11.1433  12.4905   1.7245  -0.4206   7.8598   0.8355   1.5208  10.2013  11.6215   8.3511   1.9649  -0.6798   5.7130   7.6690   9.9077   0.6971   0.8086   1.0633   2.7538   0.8784   4.4353  -1.3606  14.5084  -0.7774   1.4160   7.1297  -0.4179   1.1586   8.3644  10.1527   9.1191  -0.5640   0.4949   6.2785  11.6940  10.5776 

  5.9169  11.6017   2.1947   2.8511  10.3889  13.7644  12.7071   4.6968  -1.5378 -14.2959  -3.1172  -3.1109 -10.3356 -13.8528 -11.0367  -3.8950   0.7738  13.7384   1.8939   5.1662   8.0016  14.6272   8.5837   0.0624  -3.5764  -8.1020   2.2348  16.0725   4.5627  -1.3740 -15.3994  -3.3918  -0.6041 -12.2653 -16.2198 -13.7764  -3.8267  -0.0899  -2.4992 -15.9985 -15.0738  -3.7267  -0.4075  -7.4318 -13.7295 -15.5707  -6.0674   0.0463   3.5886   3.1057   1.0649  11.6249  14.1269  14.1667 
  0.9491   7.0534   1.0998   0.1009   6.3106   8.7568   7.8472  -0.1548   0.5412  11.2925   0.6544   0.5033   5.6506   9.5238   6.0833   2.5861  -1.7169   9.4626  -0.1983   0.5056   4.3921  12.4186   4.6006   0.8976   2.6456   2.2566   0.1684  10.7013   1.0540  -0.3259  11.4694   1.8844   0.4721   7.1891  13.5435   8.1922  -0.7041  -0.4685  -0.1106  13.0589  11.7543   0.5673  -2.0384   1.8286   8.7431  12.0599   2.1566  -0.6550   0.6718   1.0641  -1.3392   7.2247   9.0842   8.2667 

  8.2290   8.3811   1.4311   3.3171   9.5516  14.2517  12.0410   3.9692  -0.7024 -13.0225   0.4843  15.9241   8.5577   0.6377   8.5352  12.5816  17.1199   8.4344  -0.5333 -15.8615  -4.5945   0.6568  13.5281   0.9535   6.4831   6.9135  14.8040  13.3767   3.4599   0.4850   9.9538  17.5007  15.5266   4.1301  -0.1581  -7.4590   0.1896  12.8815   8.2495  -1.0878 -18.3672  -6.9519   1.3560  14.8404   1.6582   5.8014   9.8797  14.4354  12.5076   2.8007   0.7245  12.2436  16.7995  13.1154 
  3.9388   3.5003   1.8945   1.2260   5.4720   9.8325   5.7703   0.1733   0.2016   7.1657   0.6430  13.2854   2.9033  -1.5188   5.3144   8.7787  15.0221   3.6440   1.5458  12.2934   0.8032  -0.3316   9.1836  -1.0274   2.2965   3.0817   9.5675   9.5704   1.4106  -2.3827   4.4876  15.2605  12.6916  -0.7696  -0.0611   3.6253  -1.7167   8.0312   3.2675  -0.7891  17.7710   0.5159   1.5671  11.9540   0.6464   0.8001   4.2210   9.4400   6.7986   1.3822   0.4512   9.4484  14.6581   9.0953 

  7.9366  10.8200   1.1802   5.2849   8.3393  14.6278  15.1519   4.3286  -0.5385 -10.6952  -0.8266  -7.9396  -9.3725 -14.9620 -12.5822  -2.1747  -3.9941  -8.1991 -16.0298 -14.8287  -6.1885   2.6812  14.7758   2.7027   1.8968  13.3075  15.8155  15.6987   3.8428   0.6833   9.9459  14.9822  15.9656   5.6362  -0.9673 -16.8076  -4.8314  -0.0899  -2.9079 -17.4875 -15.5557  -5.7555   0.2045   8.1809   0.1464  -1.2640 -12.1547  -0.7324 -10.3899 -12.4342 -16.5621 -10.3597  -0.1640   2.5146 
  2.0248   6.3831  -1.7871   2.1275   1.2237  10.4132  12.7820   1.0028  -0.2891   5.2307   0.8828   3.2222   4.3177  10.1207   9.2711  -1.1075  -0.8886   3.3682  13.0587  12.1694   2.4184  -0.0902   9.8547  -0.2424   1.3055   8.5266  12.9576  11.1636   0.9165   0.8039   4.4482  12.0380  12.9476   3.5464   1.5998  15.1237   0.8379  -0.6045  -1.6267  16.2122  11.7719   1.9426  -0.4872   2.3270  -0.3444  -1.0706   8.1567   0.6449   6.6234   8.6906  12.1029   4.6647   0.6901  -0.1253 

  6.4050   8.6266   1.7801   1.2224  11.7578  15.9507  13.6492   4.2136  -1.0915 -14.9853  -4.3430  -3.1440 -11.7930 -16.9790 -13.9004  -1.4837  -5.3081  -7.8249 -14.3349 -13.9847  -5.2154  -1.5667  -8.9187 -12.1481 -12.9993  -6.6461  -0.0770   2.5663   6.4714  -0.8632 -13.0683  -2.7270  -5.7314  -9.6130 -15.3422 -13.0526  -2.2354  -1.8622 -12.6794 -15.1629 -14.7788  -4.4211  -0.0763  -0.2296 -13.3876 -15.1483  -8.2568   0.9942  17.1627   4.5321  -0.6293 -12.9013   0.0341   3.7051 
  1.5975   3.3004   1.3351   0.2530   4.6162  12.2330  11.0719   2.2362   1.4027   9.2669  -1.1188   0.5432   6.5753  14.1996   8.5038  -1.1260   0.8364   3.3073  10.0608  12.5451   1.2283   0.2560   3.6704   8.3651   7.8875   1.3219  -0.1171   0.5798   1.4034   1.1996   9.2599  -0.3002   0.3214   5.8993  12.4066   7.4984  -1.3747  -0.9173   9.0979  11.8855  11.6325   0.7413  -0.0157  -1.4230   7.9838  11.2625   5.0360  -0.5050  14.1895  -0.4291   1.0613   8.0572   1.1894   3.2052 

  9.5150  10.1650   2.3824   4.3146  10.6299  16.4930  14.3512   5.1407   0.3968   9.4366  14.5513  16.2284   8.7377  -1.1734 -18.1270  -3.4705  -0.2075  -5.8621 -15.8487 -15.9985  -5.5945   2.6458  12.1949   2.9648   1.6016  12.2308  16.9489  14.5082   3.8159  -0.0421  -2.1876  -3.1790  -3.0277 -11.6911 -17.7223 -14.2684  -3.5238   0.0443   0.5502   3.2097   3.2692  12.0502  16.4347  11.3494   3.1262   0.1738   6.2179  16.1086  13.8107   2.3683   4.0481   6.6069  15.1548  15.1342 
  3.6570   4.9317   0.4019  -0.4361   5.7054  12.7609  10.1331   2.1112   1.2556   5.5441  11.7238  11.8855   2.7931   0.8461  15.2130  -0.2131   0.8330   2.2914  12.8139  13.2788   1.7543   1.0454   7.9218   0.2359  -1.0881   7.4724  12.3439  13.6367  -0.0893  -0.0372  -0.0643  -2.4757  -0.8204   4.3188  15.7113   9.3554   1.1017  -0.5607   0.2178  -1.6830   0.3394   6.9802  13.7593   6.4031  -0.0362   1.5997   2.2963  13.0039   8.6920   1.8401   3.0426   1.9734  11.8715   9.4337 

  7.6236   9.2702   0.8819   4.1545   7.9553  15.1947  15.1974   4.1817   0.7601  10.4460  14.5120  14.0762   7.9777  -0.7005 -15.3697  -4.0497  -1.2190 -12.5056 -15.7489 -17.6848  -7.2674  -0.1339  -1.0189 -20.1173 -19.1875  -9.9369  -0.0721   1.6238   8.4952   0.2874   5.4210  15.4489  14.9727   5.8773  -1.4043 -15.3101  -2.5829  -2.7068  -9.4062 -16.9002 -13.2231  -4.6251   0.5276  11.7670   0.5073   5.2800   8.5626  15.8995  12.4129   2.5889   1.9782  11.7927  14.6963  16.5147 
  3.1614   4.3027  -0.1037   0.5109   3.6427  12.8792  11.2035  -0.8072  -0.5957   5.2119  10.4841  10.1290   1.5665   0.4785  10.4749   0.4424   0.7073   6.6663  12.3586  16.2486   3.5808  -1.1592  -0.7051  19.0888  18.3791   4.1170  -0.0070  -0.0977   2.3853   1.4683   2.4778  10.5737  10.2607   0.1837   0.1621  10.5907  -1.4960   0.0363   5.1316  15.4738   8.6444   1.7039  -0.6369   6.7769  -0.6861   3.8918   3.3060  14.5181   7.2028   0.6204   0.6525   6.1220  11.9815  14.2984 

  8.8282   8.7336   1.1481   4.8786   7.1068  16.1405  12.9507   4.8523   2.0025   8.6838  15.3305  16.4854   7.4687  -0.9320 -15.9976  -3.5433  -0.9448 -13.0963 -14.4628 -14.0789  -4.7807   0.0977   6.2836   1.3519   6.0454   7.6787  14.2435  13.4562   3.1359   1.3067  12.5832  14.3300  16.2806   7.8431  -1.0107 -17.0478  -3.7258  -1.2691 -13.4503 -15.8053 -15.1534  -4.9672   0.2966   9.7887   0.8257   4.9224   9.3110  16.5656  12.7879   3.6330   0.4122   9.0022  15.8298  16.1442 
  2.0536   3.8628  -1.4052   3.2186   4.6569  11.3964   7.7235  -0.0469   0.8161   4.4963  12.0481  12.6420   1.9077   0.6136  11.6368   0.0382  -0.4238   7.7290  11.4320  10.2702   1.6995  -0.7055   2.2102   0.6857   2.4486   1.8653  10.8740   8.2740   1.0047   0.6802   7.3143   9.1139  12.4945   4.2932   1.1595  14.1015   0.0393  -0.6811  11.1366  13.0923  10.3327   1.5356  -0.9839   4.4032   0.7435   0.8355   4.5883  13.7202   8.2078   0.1988   0.0308   4.3448  12.9229  12.8694 

  8.0876  10.7633   1.4208   6.0831   7.3068  13.4322  13.8042   4.7988  -0.6779 -13.9314  -2.1694  -0.1245  -4.8974 -15.6627 -12.5911  -3.7053  -3.0709  -7.4831 -13.7737 -13.3205  -6.4529   0.9216  14.7318   2.8689   2.7014  10.2941  13.8983  13.9031   6.0101  -0.5900 -13.6391  -2.0806  -5.1548  -8.8423 -15.3239 -14.4601  -2.9479  -1.9686 -12.2350 -15.3104 -16.5105  -7.2573   1.1941  14.9698   2.9291   3.3280  10.4084  15.6628  12.7323   3.9772   2.0404  10.6065  13.5252  13.6881 
  3.3251   5.6962  -0.2392   3.5736   1.1487   8.4554  10.3808   0.2512  -0.5957   9.4702   0.8871   0.3726   1.1591  10.4299   8.2301   1.4276   0.8349   3.8791   9.7517   7.4429   1.8093  -1.1810  12.0883   0.2295   0.5342   6.9392  10.8213   8.0246   1.3650   0.6966   9.4614   0.2251   0.0419   3.5408  13.9916  11.8076   0.0139   1.7159   9.7069  10.4957  14.8394   3.6102   0.4019  11.1269   0.1658   0.1054   3.3610  12.2786   7.9742   1.9728   0.2262   4.8638  10.0654   9.0314 

  8.6329  10.0033   3.3273   2.1714  11.8264  15.1345  13.8307   3.6717  -0.3631  -9.2130  -0.9986  -7.7176  -8.8116 -13.9983 -12.6774  -2.5417  -0.6249 -11.7084 -16.6752 -15.2702  -6.7536   0.1049   4.6404   1.6848   5.1485   8.0920  13.7109  13.5401   6.1616  -2.9081  -8.2038   0.2069  11.1288   7.2309  -2.2508 -13.5636  -3.5205  -1.0753 -14.2918 -16.4875 -14.3163  -3.5924   0.9658  13.9151   2.1635   4.4860   8.9395  16.8481  13.5435   4.9595  -2.0535  -9.7179   2.0392  15.4398 
  5.1242   5.7227   0.2009  -1.2509   6.9570  11.9442  11.1778   0.7056   0.5809   2.6771   0.3663   1.9050   3.7167   9.0581  10.7727   1.6991  -1.6489   7.6016  14.7947  10.1779   3.4769   0.4409   1.1274   0.4708   1.3367   4.5298  10.9616   8.8642   3.1481   1.4567   3.2729  -0.5027   6.2268   1.5241  -0.8905   8.2234   0.0563  -1.0388  10.4797  14.0955  10.4437   0.0078   0.2196   8.7804  -0.6706   0.9086   5.7506  14.3046   8.1798   0.5179   0.7898   4.2676  -0.1597  10.5946 

  6.6163   9.9942   0.5546   4.0191   8.8769  14.3656  12.9318   3.6655  -0.3341 -10.3909  -1.4783  -6.3539  -8.6597 -15.8388 -13.2268  -2.8466  -2.7835  -8.5026 -15.2707 -15.2165  -6.1407   0.1210   5.2153   1.5177   6.1719   7.3616  15.8904  14.9518   4.2166   0.8287  11.0198  16.2853  14.8660   6.1690  -0.0607  -3.8125  -2.6889  -3.0584  -9.7343 -14.3559 -13.4301  -5.8669   0.9251  13.1359   1.8027   4.4841   8.8561  15.1300  13.0345   3.7746  -0.0493  -0.2444   1.8233  18.8003 
  2.9930   3.8603  -0.6201  -1.0223   4.3328  12.1590   7.5921   0.9765   0.2985   5.3801  -1.3397   1.1692   5.8521  11.8125   8.2454  -0.4067   0.4777   2.2273  11.5546   9.3862   0.5068  -1.0734   2.1538  -0.6201   1.8713   2.4207  12.4528   9.0562   0.7089  -1.4004   6.9309  14.5012   9.7989   3.3074  -0.5975   0.9209  -0.7774   1.1180   4.8166  10.6869   8.7683   1.3447   0.2939   9.4601  -0.4194   1.8627   5.3455  10.5771   7.8609   0.2738   0.0697  -0.1027  -0.8712  17.8099 

  7.1377   9.0305   1.8960   4.2540   8.6280  13.7451  12.6063   4.5405  -0.0206  -1.4135  -5.8188   0.1580   0.2831  -1.9848 -15.1671  -2.7764  -0.9716 -11.8711 -15.8436 -13.4211  -5.2184   0.1163   4.3425   1.7302   3.2561   9.3384  13.0606  13.4944   3.7223  -0.1861  -4.9533  -0.1871   0.9861   9.7674  -0.6668 -16.1619  -1.7821  -4.3710  -8.4114 -13.4264 -13.8267  -3.6466  -0.6744 -10.9944 -14.1997 -14.9773  -6.2649   0.0373   6.3140   2.4583   2.8415   9.5307  14.4331  14.8496 
  1.5984   4.4251   0.0748   0.9501   3.5126  10.1562   7.7704  -0.2541  -0.6133   0.1581   1.2086  -0.5346  -0.5067   1.9257  11.8658   1.2316  -0.9549   7.0291  11.8277   8.8884   0.7948  -0.7992  -0.2405  -0.1401   1.4809   4.4800   8.4641   9.5999  -0.0967   1.3977   1.8596  -0.1618   0.9910   5.5579   0.5427  13.8883  -0.4980   1.7847   2.3900  10.5559   7.3593   0.7206  -0.9449   5.1977  10.7804  11.1400   2.1675   0.9653   2.7852   1.7651  -0.3503   6.2393  10.6726   9.6964 

  7.2167   8.3414   0.3446  -0.5627 -10.6091   0.4128  15.9330   4.6522   1.1230  11.2118  15.1228  16.5747   8.6611  -0.3634 -12.2508  -1.7549  -4.6694  -7.5018 -14.7927 -13.1512  -5.8066   0.1150   6.4138   0.9081   5.1303   7.4457  15.4815  13.6326   3.4449  -0.6564 -13.3554  -1.0548  -7.1114  -9.8160 -15.3989 -12.0848  -1.3289  -4.0083  -9.5816 -14.3825 -14.1085  -7.1569   0.2323   7.3069   0.6097   4.1209   8.5245  16.3267  14.7961   4.3873  -0.2370  -8.4865  -0.3421  -2.7121 
  3.0045   3.6016   0.9150   0.1128   6.8626   0.5189  13.4267  -0.4401  -0.8998   7.2963  12.1680  12.7044   2.5403  -3.1182   5.7153  -0.7717   0.4394   2.2909  11.7289   9.6401   1.6582  -0.3746   1.5765  -0.1227   0.8094   2.0461  12.1785   7.7599   0.1343  -1.4649   9.1792  -0.7119   1.9487   4.1590  11.9513   7.3187  -0.2609  -0.2650   5.6999  11.0373  10.4911   2.4727  -1.1434   2.5092  -0.0184   2.6172   4.6204  12.7001  10.8511   0.5561   1.1149   4.8806   0.9406   1.0234 

  7.8107  10.2237   1.0020   7.0201   9.0538  15.7107  15.6285   5.8930  -1.1415 -14.5040  -0.2083   0.5798   8.6769   0.1171   0.2057   9.8162  14.2825   8.3747  -0.5837 -17.6341  -6.9471   1.0859  14.9735   3.2323   1.5160  13.4264  17.5191  14.4508   4.9094  -0.9713 -14.0533  -3.6251  -3.2624 -10.4604 -16.0980 -12.6263  -4.0199  -0.8101 -12.2258 -14.2079 -13.6900  -5.5300   0.8698  13.6061   1.8135   4.7761   8.8962  15.5183  13.6942   3.6167   0.5199   8.8421  15.7206  15.2645 
  2.0169   5.0357  -0.8161   1.5920   4.2757  11.0927  10.7573   0.7630   0.4299  11.2099  -0.2612   0.1460   1.8946   0.4046   0.0530   4.9033  10.3684   4.7095  -1.3609  15.4981   4.8293  -1.1711  13.3345   0.0479   0.4037   9.0250  17.0235  11.1219   0.5133  -0.4421   8.7100   1.3337  -0.3865   5.6118  13.0736   7.3710   2.4184   0.0409   6.4903  10.8112   9.5985   1.1836   0.6126  10.0027   1.0600   0.5397   4.9801  11.6376  10.0131   0.9772  -1.5705   4.2271  12.3918  11.7917 

  8.2724   9.8051   1.8021   3.9010   9.8067  15.8463  15.0259   4.0975   1.2343   9.6386  13.1008  13.2264   7.2437  -2.1914 -15.1647  -3.4956   0.0701   0.8865   5.9053   2.2169  13.7186  17.1849  13.6046   2.6038   3.3195  10.1117  15.3588  13.1614   2.7123   3.3686   7.5476  14.7884  14.4335   5.7587  -0.0830  -4.7130  -2.9705  -3.4436  -6.2326 -13.7584 -14.1201  -3.2477  -2.0107  -8.0529 -14.6343 -13.8572  -6.7557   1.4504  15.3635   5.4558   0.3260   6.5182  14.6441  14.6021 
  1.0709   5.5611   0.6530   1.7440   3.5408  12.8132  12.2054   2.2797  -0.3971   5.7018   9.7344   6.2348   1.7739  -2.3459  11.4406  -0.9351   0.7911   0.4832   2.2327   0.3332   8.7042  15.1266   9.0244  -0.3289   1.1556   4.9326  11.7192   9.0655   0.8737  -1.1303   3.2144   9.9322  12.6614   1.1380  -1.2161   2.4064   0.0191   0.6620   0.7012   8.0818  11.2826   2.0691   0.3772   4.9550  11.4007   9.0956   2.6121   1.3938  10.8389   0.9682  -1.0176   0.3610   9.1049  11.1841 

  6.6071   9.0896   1.6152   4.6599   7.1275  14.8889  14.4609   6.2281  -0.3574 -11.4810  -0.2623   1.4016   9.6948  -0.5624 -13.3505  -5.2004   0.7363  10.1434   0.1193  -3.0337  -5.7050   0.3162   9.7066   1.4532   6.4776   9.6629  16.1002  14.6736   3.2340   0.7454  12.5073  15.0248  15.0761   5.7151  -0.2518 -10.6447  -2.1716  -3.8263  -7.3673 -13.0988 -14.2095  -5.9565  -0.8478 -12.1692 -14.5288 -15.3689  -8.3708   1.1311  17.2076   4.9251  -0.3806  -7.0176   0.3837  15.2092 
  3.9316   3.6021  -0.3102   0.8548   1.5328  10.4552  10.1086   1.7821  -0.2447   6.5520  -0.7090   1.4512   5.0125   1.4536   8.9026   1.7180   0.0713   5.1093   0.5049   0.9984   3.1301   1.3637   4.7989  -0.7524   1.0727   4.3639  11.2745   9.6062   0.9831  -0.3312   7.5937  11.2339   9.9094  -0.5766  -0.6542   6.1598   0.7230   0.9180   3.7545   8.4670  10.1030   2.3624  -0.7148   7.4891   9.8821  11.6051   3.5824  -0.4737  14.4796   1.1040   1.1651   3.6863   0.5355  11.4130 

  9.8530  11.3064   0.9271   5.9199   7.9659  14.3718  14.6115   5.7153  -0.4766 -13.0646  -1.5249  -4.5207  -8.8416 -14.5013 -12.2607  -3.4079  -0.2013  -3.8221 -13.3070 -13.3156  -7.3447   0.9376  13.4664   2.7460   3.1070   9.8045  15.0658  12.5951   3.3639   1.6510   9.7320  13.7951  15.0080   6.3967  -1.1941 -14.9375  -3.6824   0.9875  11.8611  -0.3198 -10.1945  -4.7382   0.1495   6.2376   1.5189   5.9718   8.8362  15.3002  12.1503   2.6372   2.4517   9.1819  17.1309  17.1293 
  6.6604   7.4824   0.6587   1.8683   1.6042   9.3860  10.4070   1.3360  -0.2774   9.1668   0.4671   0.7575   2.5465  11.4789   7.2693   0.0399  -1.5089   0.4499   8.6579   8.6836   3.4717  -3.4038  10.5506   1.1314   1.8978   4.6767  11.7142   7.8148   0.0585   0.2230   4.9103   8.5279  13.9707   1.2127   0.3616  11.8337  -0.4110   1.0823   6.9254   0.5648   6.1527   1.1627   2.4930   2.0158  -0.8923   0.5319   3.7425  12.4192   5.8702   0.5070  -0.1280   2.8372  14.7322  14.7863 

  9.7509  10.5644   2.3235   1.9336  10.7147  15.6972  15.9879   4.7657  -1.1442 -13.9760  -3.1268  -1.8450 -13.5190 -15.1009 -12.8505  -1.7746  -3.0451  -7.8142 -13.5604 -14.2362  -6.7155   2.0422  12.3559   1.0033   4.5688   8.2781  14.6443  11.7650   3.6951   0.0957  -0.5432  -3.9525  -2.5448 -13.5489 -15.4086 -10.9354  -0.8683  -5.7420  -7.0726 -15.1766 -13.9958  -5.9826   1.6122  14.1949   1.4817   4.9758   9.9859  14.7430  12.3644   2.9761   1.2507  13.1461  15.8550  15.9185 
  5.1213   4.0934   1.0849   2.3832   4.2372  11.9839  12.2495   1.7365  -0.2377   8.6436  -0.4965   0.3536   9.0162  12.0080   6.6499  -0.1219   2.6864   1.5747   8.5768   9.4980  -0.9126   0.4015   7.0723   0.4025   2.6548   3.6178  10.4757   7.5757   1.9469  -0.8811   0.7435   0.2237   1.9259   9.8065  12.0744   5.6630   1.3468   2.4645   1.9574   9.3999   9.2229   1.7292   1.2893   8.7673   0.0585   0.8905   3.8869  10.8707   5.9164   3.5549  -1.8535   9.7473  11.8570  11.5097 

  7.4745   9.5545   1.8500   2.9331  10.0364  14.8541  13.4054   3.8862   1.4818  12.3363  14.5312  16.1559   7.3660  -3.0298 -12.5136  -4.5342  -2.2857 -10.6807 -17.8665 -14.5006  -5.1997  -0.0010   2.6022   4.4442   0.3396  10.4075  15.4949  13.0538   2.7961   2.0510   9.8644  16.1724  15.9305   6.1645  -1.6214 -15.6487  -5.1768   0.2179   4.9559  -1.1970 -18.2425  -6.2020   1.5468  13.0180   1.0747   6.3113   7.8292  14.2296  11.5249   4.9165   1.4165  12.1110  14.0147  16.2863 
  0.9511   5.4578  -2.2803   0.7585   4.9290  10.0489   8.7118   0.9599  -0.3874   7.1766  11.0331  12.3780   4.8062   1.1566   8.4082   1.0825  -0.1071   6.0751  17.2623  11.6256   0.5322  -0.4454  -0.0162   1.4209  -2.1969   5.1242  12.2675   7.3403  -0.3120  -0.3544   3.6617  13.3302  12.8287   1.2555   0.3182  12.4079   0.9409  -1.3692   2.3582   2.1144  18.4749   2.5397   2.1589   9.8113  -0.0893   1.5647   2.6607   9.2148   5.5960   1.0629  -0.5593   7.4444   8.8965  14.0735 

  8.8019  10.3619   2.9909   2.4368  11.1652  14.2120  12.4873   4.1592   0.2895   5.4127  13.7855  15.8378   7.8916  -0.3576 -12.9977  -2.0849  -3.9790  -7.3932 -15.0020 -13.7473  -4.8544  -0.1956  -1.6313 -18.0129 -15.4579  -8.7902   1.0051  17.8177   5.9181   0.2947   5.8256  16.0662  14.6380   7.0314  -2.1343 -13.0625  -4.1706  -0.4280  -9.5921 -15.0467 -13.3176  -4.6357  -1.0091 -10.4468 -13.4659 -14.5743  -5.7124  -0.5192  -4.8393 -13.8658 -14.2809  -7.8680   2.1374  15.8611 
  2.6464   3.7337   0.4255   1.3428   5.1823  11.5770   7.5020  -0.4536  -2.1782   0.2194   8.8230  12.3939   2.8305   0.5821   7.9281   1.1272  -0.4504   2.1552  12.0232   9.8095   0.6393   0.9041  -1.9231  17.8280  12.2065   5.0482  -0.2509  14.8553   2.3494  -0.3681   1.2999  12.4499  11.3517   1.9839   0.7413   9.3830   2.8940  -0.6804   3.9222  12.5325   7.5976   1.9056   0.6777   5.0953   9.0475  11.5725   3.0097  -0.3881  -0.2417  10.5189   9.2032   3.3142  -0.5637  12.4823 

  9.3155  11.2569   2.2117   2.5949   9.9024  14.0806  16.1546   5.4808  -1.6597 -13.2832  -1.5124  -6.7409  -9.2726 -15.5867 -13.4940  -2.3762  -4.2873  -7.9417 -13.3338 -13.4357  -4.0471   0.3808   9.9238  -0.0570  -8.1311  -6.5875   0.2595  10.5729   4.1572  -0.9668 -13.3259  -2.0052  -5.2437  -9.3527 -14.6671 -12.6366  -4.1726   1.4161  10.7875  -1.1680 -17.2377  -7.1528   1.7078  13.5088   1.5548   4.0024  10.4249  16.1216  15.1954   4.3909  -0.4872 -11.4796   1.2493  18.5762 
  4.1955   5.1863  -0.3422  -0.1900   6.6172   9.6065  12.8134   1.8586   2.5083   8.5631   0.2358   3.3554   3.9835  12.1337  10.2539   0.1673   0.2078   3.3737   9.1384  10.2231   0.9308   0.4751   3.7027   0.7203   4.4266   1.4751  -0.0702   4.1716   0.1744   0.4557  10.0302  -0.9308   2.9635   4.1644   9.9969   6.6913   1.5080   1.1646   4.3947   0.2236  15.4817   2.2094  -0.6044   8.8816   0.4245  -0.8030   4.5159  14.3123  12.3863  -0.6989  -0.3630   5.1486  -0.4266  16.5365 

  6.5722   9.2306   1.7229   4.3174   8.2932  14.3840  14.9635   6.1472  -1.1488 -14.6677  -4.0387  -2.1389 -13.2362 -16.0407 -13.7581  -2.3304  -2.3130 -10.7299 -14.5842 -14.3913  -4.8968   0.1679   7.0299  -0.0250  -8.0084  -4.8376   1.0056  17.2549   6.0505  -1.8572 -12.4865  -2.0061  -5.1791 -10.0022 -15.1153 -11.7185  -2.3086  -4.2525  -7.8069 -15.4972 -14.7788  -6.1198   1.1351  13.3520   1.9035   4.2430   8.9765  15.0000  13.8808   5.9405  -1.7277 -12.0330  -0.1825   1.8529 
  3.9728   3.3450  -0.2075   1.3158   4.5497  11.6140  13.2424   3.6118  -0.6036  10.8787   0.3577   0.5046   8.9474  13.3277  11.8081   0.6163  -0.4837   6.2349  11.1417   9.0428   1.6902  -1.4191   5.9825   2.5218   3.6316   1.5081   0.6262  14.0253   3.1713   0.7216   8.8401   0.0344   3.7540   5.1793  13.0544   9.3166  -0.0804   1.8648   3.7217  14.4075  11.1847   0.3293   0.1830   8.2087  -1.6156   0.9606   2.2132  12.5101  10.3459   2.5231   1.2770   6.3271  -0.6384   0.6557 

  7.9074  10.2741   1.8187   3.5921   8.9922  15.1250  13.5985   4.5428  -1.7670 -14.4907  -2.1479  -1.8929 -12.1894 -17.1412 -12.8428  -2.4290  -0.7119 -13.9364 -17.6342 -15.2431  -5.0831   1.9514  14.9232   2.7647   0.7975  13.9716  16.7978  15.0481   6.5424  -0.4788 -11.4526  -1.4088  -5.8852  -9.4618 -14.1375 -12.9150  -3.9661   0.8764   9.6792  -0.7380 -16.1819  -4.0281   1.5378  14.3606   2.3185   2.6864  10.8701  15.6710  12.4085   3.9193   0.6721  12.2502  16.0555  15.0790 
  4.5442   4.0812  -1.2581   0.2849   4.1970   9.8157  10.2209   1.6883  -1.2431  10.8964   0.9837   0.7611   6.9782  14.5856   8.8579  -0.0455  -0.5292  11.3170  14.4894  13.7089   2.2059   0.8153  11.4367   1.6741  -0.9648  10.2811  14.3364  11.4344   3.1360  -0.0500   6.7702   0.0297   1.7294   4.5666  11.6305  10.0475  -0.1699   0.3729   4.3330   0.9817  12.3858  -0.0964   1.9121  10.8487   0.9159   0.0455   4.1650  12.6315   7.0001   0.4988   0.3289   8.6429  13.4616  12.4222 

  6.4050   9.8525   1.7644   3.7752   9.1615  14.5960  14.7459   6.3763  -1.5730 -13.6811  -2.1434  -4.0445 -10.0333 -16.3207 -14.3817  -3.7565  -0.0957  -3.6470 -15.0755 -13.7193  -4.2202   0.1256   8.5264   1.0433   6.2323   5.7649  15.4743  13.3061   4.6545   0.2261   3.7220  13.9011  13.5221   5.7204   1.8304   7.0383  13.3806  18.0713  10.1690   0.4695   5.5409  10.4641  14.0967  10.5467   0.9266   5.6268   9.0842  15.5957  12.3373   3.0052   3.4579   8.6593  15.0698  15.0669 
  3.5326   4.5636   0.1696  -0.5448   5.7641  10.1019   9.3375   1.0935   0.2212  10.2965  -1.2553   1.0621   6.5314  13.1538  10.5413   0.9404   0.1181   2.9228   9.0889  10.2627  -0.1572  -0.3089   2.8267   0.3016   2.4477   1.5948  10.7642   9.3071   1.5109   1.2955  -1.0369   7.8304   7.5724   2.2911   0.7347   2.0649   9.0714  16.8665   4.8840  -0.0300   1.3462   4.0338  10.6257   4.9994  -0.6369   2.0561   3.8502  10.9676   9.3580   1.5332   0.3703   4.6428   9.6113  11.4050 

  8.0995   9.2427   1.0193   5.7566   8.2169  15.6945  14.9881   4.7853  -2.5181 -12.2703  -2.0083  -4.0965  -9.2822 -14.5296 -11.6482  -3.6603  -0.9027 -14.0342 -17.0252 -15.2410  -6.5780   0.3163   9.4390   1.2424   4.5429   8.4413  15.0785  14.7916   4.5613   2.2483   9.0041  12.2901  12.8192   4.7878  -1.6895 -14.8816  -3.6761  -0.1428  -3.7897 -15.4161 -13.9213  -5.4071  -0.6331 -11.2159 -14.4681 -15.6691  -9.3016   1.8414  16.8252   4.9262  -0.5467 -10.6311  -2.3237  -2.5406 
  3.9682   3.7383   0.4837   2.3540   3.0298  12.1566  11.4676   0.3805  -0.1258   6.9098   0.3003   1.3944   2.6331   9.5267   6.9503   1.0127  -1.3640   9.7123  14.8782   9.7884   2.6919  -1.4227   4.8075   1.2495  -0.5896   6.0718  12.0213  12.8389  -0.4020  -0.6454   4.1792   7.8990   8.8358   1.3865   0.4076   9.4502   0.6903  -1.0965   0.2883  11.4454   9.2890   1.1318   0.6521   7.2378   9.8677  12.0865   3.8539  -1.2519  14.8287   0.9217  -0.0087   6.1624   0.6198   0.4558 

